
-------------------- Start --------------------

---------------------------------
Thresh 	 F_score
0.173311 	 0.921591
0.176145 	 1.000000
0.127787 	 1.000000
0.134830 	 0.000000
0.106747 	 1.000000
0.218547 	 0.000000
0.098652 	 0.000000
0.102796 	 1.000000
0.025936 	 0.000000
0.119058 	 0.798742
0.181998 	 1.000000
0.216262 	 0.000000
0.182076 	 0.131579
0.070938 	 0.000000
0.180805 	 1.000000
0.028429 	 0.095238
0.187144 	 1.000000
0.084007 	 0.000000
0.249516 	 1.000000
0.143315 	 1.000000
0.153681 	 0.350000
0.037657 	 0.000000
0.046808 	 0.000000
0.105102 	 0.000000
0.142799 	 0.458065
0.251866 	 1.000000
0.095559 	 1.000000
0.022922 	 0.000000
0.132303 	 1.000000
0.204890 	 1.000000
0.131812 	 0.176991
0.144475 	 0.297297
0.234391 	 0.000000
0.102853 	 1.000000
0.081474 	 0.000000
0.077616 	 0.262500
0.241678 	 0.459397
0.189894 	 0.000000
0.102316 	 1.000000
0.123210 	 1.000000
0.121749 	 0.000000
0.025969 	 0.046512
0.068479 	 0.590164
0.111456 	 0.409836
0.085853 	 0.297872
0.050663 	 0.235294
0.131214 	 0.000000
0.130447 	 1.000000
0.216810 	 1.000000
0.070773 	 0.717391
0.105758 	 0.000000
0.000000 	 0.000000
---------
0.475460 ( 51 ) precision 0.549273  recall 0.698869  f-micro 0.615106 
---------

---------------------------------
Thresh 	 F_score
0.269967 	 0.924756
0.243874 	 1.000000
0.191660 	 1.000000
0.202937 	 0.000000
0.160331 	 1.000000
0.327821 	 0.000000
0.148090 	 0.000000
0.154195 	 1.000000
0.038284 	 0.000000
0.194419 	 0.824675
0.272998 	 1.000000
0.324393 	 0.000000
0.161780 	 0.133333
0.080425 	 0.000000
0.271208 	 1.000000
0.065468 	 0.333333
0.280715 	 1.000000
0.126055 	 0.000000
0.374274 	 1.000000
0.214973 	 1.000000
0.214441 	 0.311111
0.129534 	 1.000000
0.072990 	 0.000000
0.170941 	 0.000000
0.239814 	 0.312655
0.377799 	 1.000000
0.143338 	 1.000000
0.047775 	 0.000000
0.168948 	 1.000000
0.307335 	 1.000000
0.194130 	 0.183908
0.197741 	 0.268657
0.351586 	 0.000000
0.086271 	 1.000000
0.122108 	 0.000000
0.105222 	 0.232000
0.363267 	 0.357542
0.230222 	 0.000000
0.153115 	 1.000000
0.184815 	 1.000000
0.212263 	 0.000000
0.039721 	 0.080000
0.161622 	 0.571429
0.147011 	 0.377358
0.154465 	 0.153846
0.084473 	 0.263158
0.196822 	 0.000000
0.194583 	 1.000000
0.325216 	 1.000000
0.101364 	 0.714286
0.158772 	 0.000000
0.000000 	 0.000000
---------
0.491021 ( 51 ) precision 0.591634  recall 0.657760  f-micro 0.622947 
---------

---------------------------------
Thresh 	 F_score
0.329229 	 0.923611
0.278112 	 1.000000
0.224772 	 1.000000
0.237069 	 0.000000
0.186955 	 1.000000
0.382457 	 0.000000
0.167194 	 0.000000
0.179894 	 1.000000
0.057897 	 0.000000
0.208908 	 0.830065
0.318497 	 1.000000
0.378459 	 0.000000
0.251969 	 0.111111
0.084477 	 0.000000
0.316409 	 1.000000
0.099169 	 0.363636
0.327501 	 1.000000
0.147068 	 0.000000
0.436653 	 1.000000
0.250802 	 1.000000
0.249570 	 0.381818
0.102622 	 1.000000
0.091302 	 1.000000
0.195868 	 0.000000
0.281113 	 0.336000
0.440766 	 1.000000
0.167051 	 1.000000
0.138681 	 0.000000
0.216777 	 1.000000
0.358558 	 1.000000
0.228395 	 0.148148
0.241552 	 0.242424
0.410184 	 0.000000
0.080258 	 1.000000
0.142476 	 0.000000
0.119668 	 0.258929
0.421500 	 0.338983
0.248826 	 0.000000
0.115333 	 1.000000
0.215617 	 1.000000
0.258023 	 0.000000
0.191664 	 0.000000
0.208525 	 0.509804
0.170178 	 0.368932
0.154106 	 0.285714
0.098935 	 0.270270
0.229625 	 0.000000
0.226678 	 1.000000
0.379418 	 1.000000
0.120635 	 0.769231
0.185278 	 0.000000
0.000000 	 0.000000
---------
0.512523 ( 51 ) precision 0.618239  recall 0.642172  f-micro 0.629978 
---------

---------------------------------
Thresh 	 F_score
0.383019 	 0.922988
0.295231 	 1.000000
0.240181 	 1.000000
0.252709 	 0.000000
0.200267 	 1.000000
0.409776 	 0.000000
0.180305 	 0.000000
0.192744 	 1.000000
0.059448 	 0.000000
0.230197 	 0.850498
0.341247 	 1.000000
0.405492 	 0.000000
0.420014 	 0.029851
0.086546 	 0.000000
0.339010 	 1.000000
0.112066 	 0.363636
0.350894 	 1.000000
0.157414 	 0.000000
0.467843 	 1.000000
0.268716 	 1.000000
0.254617 	 0.333333
0.088675 	 1.000000
0.095857 	 0.000000
0.125417 	 0.000000
0.309673 	 0.284946
0.472249 	 1.000000
0.178907 	 1.000000
0.105308 	 0.000000
0.240692 	 1.000000
0.384169 	 1.000000
0.263493 	 0.160920
0.257598 	 0.218750
0.439482 	 0.000000
0.144877 	 1.000000
0.152751 	 0.000000
0.126150 	 0.273171
0.449179 	 0.328446
0.247238 	 0.000000
0.108373 	 1.000000
0.231018 	 1.000000
0.280808 	 0.000000
0.232813 	 0.000000
0.232311 	 0.439024
0.196546 	 0.376238
0.242078 	 0.260870
0.096131 	 0.307692
0.246027 	 0.000000
0.242725 	 1.000000
0.406519 	 1.000000
0.130404 	 0.775000
0.196234 	 0.000000
0.000000 	 0.000000
---------
0.488733 ( 51 ) precision 0.637190  recall 0.630396  f-micro 0.633775 
---------

---------------------------------
Thresh 	 F_score
0.331539 	 0.918224
0.293280 	 1.000000
0.247885 	 1.000000
0.261393 	 0.000000
0.206922 	 1.000000
0.423435 	 0.000000
0.197510 	 0.000000
0.199168 	 1.000000
0.063430 	 0.000000
0.249314 	 0.867797
0.352622 	 1.000000
0.419008 	 1.000000
0.276206 	 0.028571
0.104578 	 0.000000
0.350310 	 1.000000
0.103205 	 0.333333
0.362591 	 1.000000
0.162782 	 0.000000
0.483437 	 1.000000
0.277673 	 1.000000
0.243731 	 0.315789
0.155169 	 1.000000
0.100271 	 1.000000
0.180890 	 0.000000
0.297640 	 0.265193
0.487991 	 1.000000
0.184835 	 1.000000
0.100458 	 0.000000
0.252650 	 1.000000
0.396975 	 1.000000
0.321732 	 0.197183
0.272981 	 0.242424
0.454132 	 0.000000
0.177186 	 1.000000
0.157765 	 0.000000
0.128574 	 0.246154
0.445069 	 0.340909
0.244914 	 0.000000
0.104893 	 1.000000
0.238719 	 1.000000
0.292651 	 0.000000
0.144885 	 0.000000
0.190711 	 0.500000
0.201268 	 0.403846
0.176630 	 0.260870
0.120131 	 0.375000
0.254228 	 0.000000
0.250749 	 1.000000
0.420070 	 1.000000
0.140810 	 0.765432
0.204009 	 0.000000
0.000000 	 0.000000
---------
0.530602 ( 51 ) precision 0.650242  recall 0.622508  f-micro 0.636072 
---------

---------------------------------
Thresh 	 F_score
0.363883 	 0.917880
0.292002 	 1.000000
0.251737 	 1.000000
0.265613 	 0.000000
0.210258 	 1.000000
0.430264 	 0.000000
0.206113 	 0.000000
0.202381 	 1.000000
0.071510 	 0.000000
0.260499 	 0.872852
0.358309 	 1.000000
0.425766 	 1.000000
0.466087 	 0.057971
0.120792 	 0.000000
0.355961 	 1.000000
0.099768 	 0.333333
0.368439 	 1.000000
0.165467 	 0.000000
0.491235 	 1.000000
0.282152 	 1.000000
0.253624 	 0.361702
0.132473 	 1.000000
0.114722 	 0.000000
0.211594 	 0.000000
0.299377 	 0.275676
0.495862 	 1.000000
0.187799 	 1.000000
0.168572 	 1.000000
0.258628 	 1.000000
0.403377 	 1.000000
0.296066 	 0.142857
0.280868 	 0.218750
0.461456 	 0.000000
0.123437 	 1.000000
0.160325 	 0.000000
0.148995 	 0.251366
0.462114 	 0.328530
0.257729 	 0.000000
0.155047 	 1.000000
0.242569 	 1.000000
0.265693 	 0.000000
0.100613 	 0.000000
0.165789 	 0.461538
0.204146 	 0.421053
0.214359 	 0.095238
0.119189 	 0.324324
0.258328 	 0.000000
0.254761 	 1.000000
0.426845 	 1.000000
0.141036 	 0.775000
0.205599 	 0.000000
0.000000 	 0.000000
---------
0.526237 ( 51 ) precision 0.658655  recall 0.617249  f-micro 0.637280 
---------

---------------------------------
Thresh 	 F_score
0.304524 	 0.919327
0.309027 	 1.000000
0.253664 	 1.000000
0.267723 	 0.000000
0.211926 	 1.000000
0.433679 	 0.000000
0.210414 	 0.000000
0.233494 	 1.000000
0.065601 	 0.000000
0.278043 	 0.863014
0.361153 	 1.000000
0.429145 	 1.000000
0.304711 	 0.084507
0.125060 	 0.000000
0.358786 	 1.000000
0.101703 	 0.333333
0.371363 	 1.000000
0.166809 	 0.000000
0.495133 	 1.000000
0.284391 	 1.000000
0.255917 	 0.432432
0.121826 	 1.000000
0.123791 	 0.000000
0.214425 	 0.000000
0.321880 	 0.283237
0.499797 	 1.000000
0.189281 	 1.000000
0.202629 	 1.000000
0.261618 	 1.000000
0.406579 	 1.000000
0.285027 	 0.139535
0.285266 	 0.222222
0.465119 	 0.000000
0.167170 	 1.000000
0.161552 	 0.000000
0.148275 	 0.242105
0.466811 	 0.354286
0.264137 	 0.000000
0.180124 	 1.000000
0.244494 	 1.000000
0.260877 	 0.000000
0.078476 	 0.000000
0.231474 	 0.458333
0.246125 	 0.311111
0.260685 	 0.173913
0.115708 	 0.256410
0.260379 	 0.000000
0.256767 	 1.000000
0.430233 	 1.000000
0.138277 	 0.759494
0.208558 	 0.000000
0.000000 	 0.000000
---------
0.526142 ( 51 ) precision 0.666215  recall 0.613346  f-micro 0.638688 
---------

---------------------------------
Thresh 	 F_score
0.295440 	 0.918699
0.310689 	 1.000000
0.254627 	 1.000000
0.268779 	 0.000000
0.212765 	 1.000000
0.435387 	 0.000000
0.212565 	 0.000000
0.219544 	 1.000000
0.078891 	 0.000000
0.270789 	 0.868966
0.362575 	 1.000000
0.430835 	 1.000000
0.322019 	 0.083333
0.124735 	 0.000000
0.360198 	 1.000000
0.101024 	 0.307692
0.372825 	 1.000000
0.167480 	 0.000000
0.497083 	 1.000000
0.285511 	 1.000000
0.251838 	 0.386364
0.110266 	 1.000000
0.126477 	 1.000000
0.252914 	 0.000000
0.321357 	 0.243478
0.501765 	 1.000000
0.192326 	 1.000000
0.219657 	 1.000000
0.263112 	 1.000000
0.408180 	 1.000000
0.287516 	 0.117647
0.284304 	 0.218750
0.466950 	 0.000000
0.133199 	 1.000000
0.162165 	 0.000000
0.162305 	 0.226190
0.353067 	 0.395722
0.267341 	 0.000000
0.192663 	 1.000000
0.245457 	 1.000000
0.282656 	 0.000000
0.067408 	 0.000000
0.245446 	 0.439024
0.234237 	 0.365591
0.272848 	 0.260870
0.109055 	 0.240000
0.261404 	 0.000000
0.257770 	 1.000000
0.431927 	 1.000000
0.156244 	 0.775000
0.210037 	 0.000000
0.000000 	 0.000000
---------
0.546026 ( 51 ) precision 0.672326  recall 0.610483  f-micro 0.639914 
---------

---------------------------------
Thresh 	 F_score
0.331207 	 0.919580
0.311519 	 1.000000
0.255108 	 1.000000
0.269990 	 0.000000
0.213205 	 1.000000
0.436240 	 0.000000
0.204673 	 0.000000
0.212568 	 1.000000
0.098160 	 0.000000
0.265552 	 0.856164
0.363286 	 1.000000
0.431680 	 1.000000
0.330565 	 0.085714
0.128208 	 0.000000
0.360904 	 1.000000
0.099119 	 0.333333
0.373556 	 1.000000
0.167815 	 0.000000
0.498057 	 1.000000
0.286071 	 1.000000
0.259934 	 0.371134
0.092497 	 1.000000
0.244198 	 0.000000
0.233248 	 0.000000
0.295393 	 0.272966
0.502749 	 1.000000
0.193848 	 1.000000
0.228171 	 1.000000
0.263860 	 1.000000
0.408980 	 1.000000
0.345543 	 0.155844
0.281251 	 0.222222
0.467866 	 0.000000
0.101443 	 1.000000
0.162472 	 0.000000
0.169103 	 0.218182
0.427597 	 0.338109
0.255037 	 0.000000
0.198932 	 1.000000
0.245938 	 1.000000
0.293544 	 0.000000
0.061874 	 0.000000
0.194300 	 0.470588
0.242071 	 0.306122
0.296727 	 0.250000
0.105213 	 0.428571
0.261916 	 0.000000
0.258271 	 1.000000
0.432774 	 1.000000
0.148361 	 0.756098
0.210911 	 0.000000
0.000000 	 0.000000
---------
0.529110 ( 51 ) precision 0.675804  recall 0.608085  f-micro 0.640159 
---------

---------------------------------
Thresh 	 F_score
0.315707 	 0.921830
0.311935 	 1.000000
0.255320 	 1.000000
0.270428 	 0.000000
0.213425 	 1.000000
0.436667 	 0.000000
0.209222 	 0.000000
0.209081 	 1.000000
0.088144 	 0.000000
0.262328 	 0.848276
0.363641 	 1.000000
0.432102 	 1.000000
0.488499 	 0.057143
0.135108 	 0.000000
0.361258 	 1.000000
0.130616 	 0.333333
0.373922 	 1.000000
0.167983 	 0.000000
0.498545 	 1.000000
0.286351 	 1.000000
0.263193 	 0.425000
0.096048 	 1.000000
0.170507 	 0.000000
0.175371 	 0.000000
0.344557 	 0.244048
0.503240 	 1.000000
0.194609 	 1.000000
0.232428 	 1.000000
0.264233 	 1.000000
0.409380 	 1.000000
0.368172 	 0.164706
0.280008 	 0.218750
0.468323 	 0.000000
0.099854 	 1.000000
0.162625 	 0.000000
0.171276 	 0.214286
0.318682 	 0.437186
0.261322 	 0.000000
0.202067 	 1.000000
0.246179 	 1.000000
0.298742 	 0.000000
0.056906 	 0.000000
0.238232 	 0.470588
0.252016 	 0.282609
0.322300 	 0.181818
0.104080 	 0.375000
0.262172 	 0.000000
0.258522 	 1.000000
0.433197 	 1.000000
0.148734 	 0.784810
0.211214 	 0.000000
0.000000 	 0.000000
---------
0.528615 ( 51 ) precision 0.679825  recall 0.607091  f-micro 0.641403 
---------

---------------------------------
Thresh 	 F_score
0.357396 	 0.922629
0.312142 	 1.000000
0.255426 	 1.000000
0.270648 	 0.000000
0.213535 	 1.000000
0.436881 	 0.000000
0.211969 	 0.000000
0.207337 	 1.000000
0.077472 	 0.000000
0.277529 	 0.868056
0.363819 	 1.000000
0.432313 	 1.000000
0.336746 	 0.057143
0.134631 	 0.000000
0.361434 	 1.000000
0.192435 	 0.333333
0.374104 	 1.000000
0.168067 	 0.000000
0.498788 	 1.000000
0.286491 	 1.000000
0.278034 	 0.329897
0.164147 	 1.000000
0.126965 	 0.000000
0.204029 	 0.000000
0.334209 	 0.276243
0.503486 	 1.000000
0.194990 	 1.000000
0.139136 	 0.000000
0.264420 	 1.000000
0.409580 	 1.000000
0.369204 	 0.101266
0.280401 	 0.246154
0.468552 	 0.000000
0.154679 	 1.000000
0.162702 	 0.000000
0.235201 	 0.165517
0.267779 	 0.473804
0.250896 	 0.000000
0.203634 	 1.000000
0.246299 	 1.000000
0.301654 	 0.000000
0.165131 	 0.000000
0.189869 	 0.500000
0.250875 	 0.285714
0.253109 	 0.260870
0.103228 	 0.370370
0.262301 	 0.000000
0.258648 	 1.000000
0.433409 	 1.000000
0.146489 	 0.775000
0.211365 	 0.000000
0.000000 	 0.000000
---------
0.509137 ( 51 ) precision 0.682511  recall 0.607073  f-micro 0.642585 
---------

---------------------------------
Thresh 	 F_score
0.274459 	 0.916959
0.312246 	 1.000000
0.255523 	 1.000000
0.270758 	 0.000000
0.213590 	 1.000000
0.436987 	 0.000000
0.213342 	 0.000000
0.206465 	 1.000000
0.240436 	 0.000000
0.265697 	 0.863014
0.363908 	 1.000000
0.432419 	 1.000000
0.505829 	 0.057971
0.132747 	 0.000000
0.361522 	 1.000000
0.148556 	 0.333333
0.374196 	 1.000000
0.168109 	 0.000000
0.498910 	 1.000000
0.286561 	 1.000000
0.281566 	 0.307692
0.197550 	 1.000000
0.126887 	 0.000000
0.130390 	 0.000000
0.368097 	 0.270270
0.503609 	 1.000000
0.195180 	 1.000000
0.092490 	 0.000000
0.264513 	 1.000000
0.409680 	 1.000000
0.313019 	 0.094118
0.279173 	 0.242424
0.468667 	 0.000000
0.126470 	 1.000000
0.162740 	 0.000000
0.266502 	 0.153846
0.380128 	 0.355556
0.260439 	 0.000000
0.204418 	 1.000000
0.246359 	 1.000000
0.303110 	 0.000000
0.110736 	 0.000000
0.165128 	 0.596491
0.260686 	 0.285714
0.288771 	 0.173913
0.100906 	 0.333333
0.262365 	 0.000000
0.258710 	 1.000000
0.433515 	 1.000000
0.143359 	 0.765432
0.211441 	 0.000000
0.000000 	 0.000000
---------
0.504903 ( 51 ) precision 0.686555  recall 0.604616  f-micro 0.642986 
---------

---------------------------------
Thresh 	 F_score
0.289701 	 0.918950
0.312298 	 1.000000
0.255549 	 1.000000
0.270812 	 0.000000
0.213617 	 1.000000
0.437041 	 0.000000
0.214029 	 0.000000
0.206029 	 1.000000
0.321917 	 0.000000
0.294104 	 0.871080
0.363952 	 1.000000
0.432472 	 1.000000
0.338712 	 0.056338
0.139622 	 0.000000
0.361567 	 1.000000
0.196940 	 0.333333
0.374241 	 1.000000
0.168130 	 0.000000
0.498971 	 1.000000
0.286596 	 1.000000
0.281349 	 0.311688
0.214866 	 1.000000
0.114055 	 0.000000
0.093631 	 0.000000
0.363968 	 0.238532
0.503671 	 1.000000
0.195275 	 1.000000
0.069164 	 0.000000
0.264560 	 1.000000
0.409730 	 1.000000
0.309659 	 0.142857
0.275810 	 0.246154
0.468724 	 0.000000
0.098079 	 1.000000
0.162760 	 0.000000
0.278567 	 0.126761
0.305796 	 0.423174
0.265492 	 0.000000
0.204810 	 1.000000
0.246389 	 1.000000
0.303838 	 0.000000
0.083538 	 0.000000
0.213191 	 0.607143
0.252542 	 0.319149
0.245986 	 0.260870
0.110649 	 0.413793
0.262397 	 0.000000
0.258742 	 1.000000
0.433568 	 1.000000
0.139948 	 0.759494
0.211479 	 0.000000
0.000000 	 0.000000
---------
0.510379 ( 51 ) precision 0.689663  recall 0.603407  f-micro 0.643658 
---------

---------------------------------
Thresh 	 F_score
0.247495 	 0.921478
0.312324 	 1.000000
0.255584 	 1.000000
0.270840 	 0.000000
0.213631 	 1.000000
0.437067 	 0.000000
0.214372 	 0.000000
0.205811 	 1.000000
0.211680 	 0.000000
0.296477 	 0.881119
0.363975 	 1.000000
0.432498 	 1.000000
0.514201 	 0.029851
0.135587 	 0.000000
0.361589 	 1.000000
0.221542 	 0.333333
0.374264 	 1.000000
0.168140 	 0.000000
0.499002 	 1.000000
0.286613 	 1.000000
0.291704 	 0.375000
0.223524 	 1.000000
0.146217 	 0.000000
0.075251 	 0.000000
0.346392 	 0.259366
0.503702 	 1.000000
0.195323 	 1.000000
0.057504 	 0.000000
0.264584 	 1.000000
0.409755 	 1.000000
0.314202 	 0.148148
0.279519 	 0.253968
0.468753 	 0.000000
0.151893 	 1.000000
0.162769 	 0.000000
0.231210 	 0.158940
0.280483 	 0.413793
0.267316 	 0.000000
0.205006 	 1.000000
0.246405 	 1.000000
0.304202 	 0.000000
0.069939 	 0.000000
0.237571 	 0.583333
0.232968 	 0.222222
0.177288 	 0.230769
0.114320 	 0.230769
0.262413 	 0.000000
0.258757 	 1.000000
0.433594 	 1.000000
0.156440 	 0.750000
0.211498 	 0.000000
0.000000 	 0.000000
---------
0.505727 ( 51 ) precision 0.691172  recall 0.602885  f-micro 0.644017 
---------

---------------------------------
Thresh 	 F_score
0.346294 	 0.922629
0.312337 	 1.000000
0.256734 	 1.000000
0.270854 	 0.000000
0.213573 	 1.000000
0.437081 	 0.000000
0.214544 	 0.000000
0.205702 	 1.000000
0.144226 	 0.000000
0.294387 	 0.872852
0.363986 	 1.000000
0.432511 	 1.000000
0.551593 	 0.000000
0.148026 	 0.000000
0.361600 	 1.000000
0.233892 	 0.333333
0.374276 	 1.000000
0.168146 	 0.000000
0.499017 	 1.000000
0.286622 	 1.000000
0.277923 	 0.400000
0.227853 	 1.000000
0.122013 	 0.000000
0.197877 	 0.000000
0.353332 	 0.294985
0.503717 	 1.000000
0.195347 	 1.000000
0.051674 	 0.000000
0.264595 	 1.000000
0.409768 	 1.000000
0.293020 	 0.116279
0.283429 	 0.250000
0.468767 	 0.000000
0.180995 	 1.000000
0.162790 	 0.000000
0.263209 	 0.125000
0.375823 	 0.355556
0.254984 	 0.000000
0.205104 	 1.000000
0.246412 	 1.000000
0.304384 	 0.000000
0.063140 	 0.000000
0.192385 	 0.490566
0.222029 	 0.250000
0.183919 	 0.240000
0.108619 	 0.275862
0.262421 	 0.000000
0.258765 	 1.000000
0.433608 	 1.000000
0.150815 	 0.775000
0.211507 	 0.000000
0.000000 	 0.000000
---------
0.503962 ( 51 ) precision 0.693285  recall 0.601679  f-micro 0.644242 
---------

---------------------------------
Thresh 	 F_score
0.342511 	 0.918666
0.312344 	 1.000000
0.256162 	 1.000000
0.270860 	 0.000000
0.213532 	 1.000000
0.437087 	 0.000000
0.214630 	 0.000000
0.205648 	 1.000000
0.145453 	 0.000000
0.296903 	 0.867797
0.363991 	 1.000000
0.432518 	 1.000000
0.362946 	 0.027778
0.141715 	 0.000000
0.361605 	 1.000000
0.241173 	 0.333333
0.374281 	 1.000000
0.168148 	 0.000000
0.499024 	 1.000000
0.286626 	 1.000000
0.275406 	 0.357895
0.230017 	 1.000000
0.098294 	 0.000000
0.208659 	 0.000000
0.319193 	 0.277620
0.503725 	 1.000000
0.195359 	 1.000000
0.048759 	 0.000000
0.264601 	 1.000000
0.409774 	 1.000000
0.295756 	 0.075000
0.280424 	 0.250000
0.468774 	 0.000000
0.137757 	 1.000000
0.162974 	 0.000000
0.220005 	 0.174497
0.433234 	 0.349296
0.261308 	 0.000000
0.205153 	 1.000000
0.246416 	 1.000000
0.304475 	 0.000000
0.059740 	 0.000000
0.166647 	 0.607143
0.233337 	 0.336634
0.245774 	 0.272727
0.108378 	 0.277778
0.262425 	 0.000000
0.258769 	 1.000000
0.433614 	 1.000000
0.146625 	 0.765432
0.211512 	 0.000000
0.000000 	 0.000000
---------
0.507678 ( 51 ) precision 0.694284  recall 0.600719  f-micro 0.644121 
---------

---------------------------------
Thresh 	 F_score
0.347844 	 0.920210
0.312347 	 1.000000
0.255876 	 1.000000
0.270864 	 0.000000
0.213588 	 1.000000
0.437091 	 0.000000
0.214673 	 0.000000
0.205621 	 1.000000
0.115642 	 0.000000
0.286961 	 0.861017
0.363994 	 1.000000
0.432521 	 1.000000
0.378111 	 0.028571
0.126985 	 0.000000
0.361608 	 1.000000
0.244309 	 0.333333
0.374284 	 1.000000
0.168149 	 0.000000
0.499028 	 1.000000
0.286628 	 1.000000
0.276275 	 0.333333
0.231099 	 1.000000
0.096329 	 0.000000
0.264580 	 0.000000
0.313896 	 0.240688
0.503729 	 1.000000
0.195365 	 1.000000
0.047302 	 0.000000
0.264604 	 1.000000
0.409777 	 1.000000
0.270027 	 0.160920
0.280291 	 0.246154
0.468778 	 0.000000
0.173626 	 1.000000
0.163066 	 0.000000
0.200348 	 0.179487
0.331046 	 0.395887
0.264849 	 0.000000
0.205177 	 1.000000
0.246418 	 1.000000
0.354165 	 0.000000
0.058348 	 0.000000
0.189944 	 0.470588
0.247331 	 0.301075
0.262980 	 0.272727
0.099181 	 0.263158
0.262427 	 0.000000
0.258771 	 1.000000
0.433617 	 1.000000
0.145512 	 0.765432
0.211514 	 0.000000
0.000000 	 0.000000
---------
0.505345 ( 51 ) precision 0.694896  recall 0.599994  f-micro 0.643967 
---------

---------------------------------
Thresh 	 F_score
0.328656 	 0.923345
0.312349 	 1.000000
0.255733 	 1.000000
0.270866 	 0.000000
0.213616 	 1.000000
0.437092 	 0.000000
0.214694 	 0.000000
0.205607 	 1.000000
0.103628 	 0.000000
0.266683 	 0.847682
0.363995 	 1.000000
0.432523 	 1.000000
0.374943 	 0.028571
0.130616 	 0.000000
0.361609 	 1.000000
0.246012 	 0.333333
0.374286 	 1.000000
0.168150 	 0.000000
0.499030 	 1.000000
0.286630 	 1.000000
0.283962 	 0.367347
0.231641 	 1.000000
0.096457 	 0.000000
0.160726 	 0.000000
0.340089 	 0.268222
0.503731 	 1.000000
0.195368 	 1.000000
0.046573 	 0.000000
0.264605 	 1.000000
0.409779 	 1.000000
0.317958 	 0.157895
0.281949 	 0.253968
0.468779 	 0.000000
0.191862 	 1.000000
0.163112 	 0.000000
0.198934 	 0.167742
0.281647 	 0.453012
0.252744 	 0.000000
0.205189 	 1.000000
0.246419 	 1.000000
0.379010 	 0.000000
0.057653 	 0.000000
0.200327 	 0.581818
0.328395 	 0.225000
0.231287 	 0.250000
0.098941 	 0.294118
0.262428 	 0.000000
0.258772 	 1.000000
0.433619 	 1.000000
0.140219 	 0.750000
0.211515 	 0.000000
0.000000 	 0.000000
---------
0.507883 ( 51 ) precision 0.695504  recall 0.600177  f-micro 0.644334 
---------

---------------------------------
Thresh 	 F_score
0.277711 	 0.917346
0.312349 	 1.000000
0.255661 	 1.000000
0.270866 	 0.000000
0.213631 	 1.000000
0.437093 	 0.000000
0.214705 	 0.000000
0.205600 	 1.000000
0.253513 	 0.000000
0.277901 	 0.863946
0.363996 	 1.000000
0.432524 	 1.000000
0.338675 	 0.083333
0.139764 	 0.000000
0.361610 	 1.000000
0.248332 	 0.363636
0.374286 	 1.000000
0.168150 	 0.000000
0.499031 	 1.000000
0.286630 	 1.000000
0.299586 	 0.405797
0.231911 	 1.000000
0.090162 	 0.000000
0.210831 	 0.000000
0.350668 	 0.279883
0.503731 	 1.000000
0.195369 	 1.000000
0.046209 	 0.000000
0.264606 	 1.000000
0.409779 	 1.000000
0.300944 	 0.137931
0.280064 	 0.246154
0.468780 	 0.000000
0.201382 	 1.000000
0.163135 	 0.000000
0.188312 	 0.179487
0.364000 	 0.373984
0.247739 	 0.000000
0.205195 	 1.000000
0.246419 	 1.000000
0.391432 	 0.000000
0.055563 	 0.000000
0.211901 	 0.581818
0.283068 	 0.258065
0.214922 	 0.166667
0.110658 	 0.258065
0.262428 	 0.000000
0.258772 	 1.000000
0.433620 	 1.000000
0.136832 	 0.775000
0.211516 	 0.000000
0.000000 	 0.000000
---------
0.507669 ( 51 ) precision 0.696506  recall 0.599529  f-micro 0.644390 
---------
