
-------------------- Start --------------------

---------------------------------
Thresh 	 F_score
0.177735 	 0.913120
0.137847 	 1.000000
0.131910 	 1.000000
0.021724 	 0.000000
0.111013 	 1.000000
0.218547 	 0.000000
0.088179 	 0.000000
0.102796 	 1.000000
0.023607 	 0.000000
0.085853 	 0.787500
0.181998 	 1.000000
0.216262 	 0.000000
0.319736 	 0.029851
0.056300 	 0.000000
0.180805 	 1.000000
0.021416 	 0.076923
0.187144 	 1.000000
0.083808 	 0.000000
0.168607 	 1.000000
0.143315 	 1.000000
0.116611 	 0.350515
0.110499 	 1.000000
0.034566 	 0.000000
0.067907 	 0.000000
0.087431 	 0.438710
0.170901 	 1.000000
0.097381 	 1.000000
0.022915 	 0.000000
0.132303 	 1.000000
0.204890 	 1.000000
0.103696 	 0.152381
0.146534 	 0.294118
0.234391 	 0.000000
0.046722 	 0.000000
0.081398 	 0.000000
0.079181 	 0.232932
0.086472 	 0.557983
0.122033 	 0.000000
0.101761 	 1.000000
0.123210 	 1.000000
0.128390 	 0.000000
0.023847 	 0.042553
0.040833 	 0.533333
0.083959 	 0.356436
0.071653 	 0.214286
0.032776 	 0.259259
0.173393 	 0.000000
0.129386 	 1.000000
0.216810 	 1.000000
0.051628 	 0.717391
0.103594 	 0.000000
0.000000 	 0.000000
---------
0.469751 ( 51 )
---------

---------------------------------
Thresh 	 F_score
0.236516 	 0.839974
0.206770 	 1.000000
0.197328 	 1.000000
0.039966 	 0.000000
0.166560 	 1.000000
0.327821 	 0.000000
0.129973 	 0.000000
0.154195 	 1.000000
0.038931 	 0.000000
0.136398 	 0.848485
0.272998 	 1.000000
0.324393 	 0.000000
0.288541 	 0.000000
0.083026 	 0.000000
0.271208 	 1.000000
0.057484 	 0.307692
0.280715 	 1.000000
0.125934 	 0.000000
0.252910 	 1.000000
0.214973 	 1.000000
0.188682 	 0.222222
0.152009 	 1.000000
0.054633 	 0.000000
0.058336 	 0.181818
0.125634 	 0.422265
0.256351 	 1.000000
0.144318 	 1.000000
0.034376 	 0.000000
0.198455 	 1.000000
0.307335 	 1.000000
0.167035 	 0.096386
0.194481 	 0.246154
0.351586 	 0.000000
0.070085 	 1.000000
0.122114 	 0.000000
0.115343 	 0.197674
0.111152 	 0.521739
0.183162 	 0.000000
0.098737 	 1.000000
0.184814 	 1.000000
0.191008 	 0.000000
0.035781 	 0.000000
0.073669 	 0.576271
0.119054 	 0.382022
0.118782 	 0.173913
0.048995 	 0.222222
0.260090 	 0.000000
0.194052 	 1.000000
0.325216 	 1.000000
0.074604 	 0.750000
0.155392 	 0.000000
0.000000 	 0.000000
---------
0.489977 ( 51 )
---------

---------------------------------
Thresh 	 F_score
0.272787 	 0.919014
0.240370 	 1.000000
0.226474 	 1.000000
0.049087 	 0.000000
0.194295 	 1.000000
0.382457 	 0.000000
0.152998 	 0.000000
0.179894 	 1.000000
0.039537 	 0.000000
0.160979 	 0.830450
0.318497 	 1.000000
0.378459 	 0.000000
0.468049 	 0.058824
0.087525 	 0.000000
0.316409 	 1.000000
0.058022 	 0.363636
0.327501 	 1.000000
0.146995 	 0.000000
0.295062 	 1.000000
0.250802 	 1.000000
0.224059 	 0.357895
0.130846 	 1.000000
0.053679 	 0.000000
0.055050 	 0.166667
0.148520 	 0.333333
0.299076 	 1.000000
0.169367 	 1.000000
0.040106 	 0.000000
0.231531 	 1.000000
0.358558 	 1.000000
0.185039 	 0.197531
0.215671 	 0.246154
0.410184 	 0.000000
0.069697 	 1.000000
0.142472 	 0.000000
0.121812 	 0.206061
0.154164 	 0.438554
0.212911 	 0.000000
0.085079 	 1.000000
0.215617 	 1.000000
0.215884 	 0.000000
0.041749 	 0.000000
0.087880 	 0.620690
0.126733 	 0.275862
0.144023 	 0.181818
0.053158 	 0.300000
0.303438 	 0.000000
0.226385 	 1.000000
0.379418 	 1.000000
0.090363 	 0.759494
0.181290 	 0.000000
0.000000 	 0.000000
---------
0.495215 ( 51 )
---------

---------------------------------
Thresh 	 F_score
0.305278 	 0.914016
0.316570 	 1.000000
0.245200 	 1.000000
0.053647 	 0.000000
0.208264 	 1.000000
0.409776 	 0.000000
0.164511 	 0.000000
0.192743 	 1.000000
0.039395 	 0.000000
0.191213 	 0.841060
0.341247 	 1.000000
0.405492 	 0.000000
0.566921 	 0.000000
0.099076 	 0.000000
0.339010 	 1.000000
0.097717 	 0.363636
0.350894 	 1.000000
0.157576 	 0.000000
0.316137 	 1.000000
0.268716 	 1.000000
0.255970 	 0.383838
0.120601 	 1.000000
0.060644 	 0.000000
0.054324 	 0.166667
0.179873 	 0.351648
0.320439 	 1.000000
0.180311 	 1.000000
0.151013 	 1.000000
0.248069 	 1.000000
0.384169 	 1.000000
0.206445 	 0.141176
0.227121 	 0.241379
0.439482 	 0.000000
0.140300 	 1.000000
0.152634 	 0.000000
0.145778 	 0.215569
0.176762 	 0.503282
0.241187 	 0.000000
0.144855 	 1.000000
0.231018 	 1.000000
0.260705 	 0.000000
0.044726 	 0.000000
0.111575 	 0.535714
0.163863 	 0.415842
0.150827 	 0.250000
0.054224 	 0.285714
0.325112 	 0.000000
0.242552 	 1.000000
0.406519 	 1.000000
0.102505 	 0.740741
0.194239 	 0.000000
0.000000 	 0.000000
---------
0.516672 ( 51 )
---------

---------------------------------
Thresh 	 F_score
0.333376 	 0.921739
0.354670 	 1.000000
0.250624 	 1.000000
0.049440 	 0.000000
0.215157 	 1.000000
0.423435 	 0.000000
0.170267 	 0.000000
0.199168 	 1.000000
0.039338 	 0.000000
0.191859 	 0.856187
0.352622 	 1.000000
0.419008 	 1.000000
0.601430 	 0.000000
0.108735 	 0.000000
0.350310 	 1.000000
0.130008 	 0.363636
0.362591 	 1.000000
0.162723 	 0.000000
0.326675 	 1.000000
0.277673 	 1.000000
0.271098 	 0.375000
0.097651 	 1.000000
0.094526 	 1.000000
0.126814 	 0.000000
0.182709 	 0.345455
0.331120 	 1.000000
0.193364 	 1.000000
0.123259 	 0.000000
0.256338 	 1.000000
0.396975 	 1.000000
0.231411 	 0.119048
0.258963 	 0.229508
0.454132 	 0.000000
0.175601 	 1.000000
0.157774 	 0.000000
0.137516 	 0.209302
0.187775 	 0.470046
0.309480 	 0.000000
0.174743 	 1.000000
0.238719 	 1.000000
0.282323 	 0.000000
0.046218 	 0.000000
0.150697 	 0.490566
0.211681 	 0.357895
0.156994 	 0.105263
0.054637 	 0.279070
0.335949 	 0.000000
0.250662 	 1.000000
0.420070 	 1.000000
0.109681 	 0.731707
0.200714 	 0.000000
0.000000 	 0.000000
---------
0.526557 ( 51 )
---------

---------------------------------
Thresh 	 F_score
0.238150 	 0.918129
0.314320 	 1.000000
0.257390 	 1.000000
0.053796 	 0.000000
0.218590 	 1.000000
0.430264 	 0.000000
0.173145 	 0.000000
0.202380 	 1.000000
0.046337 	 0.000000
0.185373 	 0.863014
0.358309 	 1.000000
0.425766 	 1.000000
0.627714 	 0.000000
0.107731 	 0.000000
0.355961 	 1.000000
0.128285 	 0.363636
0.368439 	 1.000000
0.165296 	 0.000000
0.331944 	 1.000000
0.282152 	 1.000000
0.277650 	 0.352941
0.086322 	 1.000000
0.115797 	 0.000000
0.158541 	 0.000000
0.190260 	 0.328571
0.336461 	 1.000000
0.192240 	 1.000000
0.084545 	 0.000000
0.260472 	 1.000000
0.403377 	 1.000000
0.228029 	 0.142857
0.256286 	 0.225806
0.461456 	 0.000000
0.193252 	 1.000000
0.160312 	 0.000000
0.156200 	 0.203593
0.200144 	 0.490991
0.288318 	 0.000000
0.189687 	 1.000000
0.242569 	 1.000000
0.267989 	 0.000000
0.046965 	 0.000000
0.150174 	 0.571429
0.211468 	 0.269663
0.214533 	 0.210526
0.085734 	 0.272727
0.341368 	 0.000000
0.254718 	 1.000000
0.426845 	 1.000000
0.126888 	 0.740741
0.203951 	 0.000000
0.000000 	 0.000000
---------
0.508914 ( 51 )
---------

---------------------------------
Thresh 	 F_score
0.270237 	 0.900718
0.293822 	 1.000000
0.260773 	 1.000000
0.055996 	 0.000000
0.220307 	 1.000000
0.433679 	 0.000000
0.174584 	 0.000000
0.203986 	 1.000000
0.042286 	 0.000000
0.188144 	 0.856164
0.361153 	 1.000000
0.429145 	 1.000000
0.458285 	 0.000000
0.113341 	 0.000000
0.358786 	 1.000000
0.114909 	 0.363636
0.371363 	 1.000000
0.166582 	 0.000000
0.334579 	 1.000000
0.284391 	 1.000000
0.276269 	 0.290323
0.080775 	 1.000000
0.195871 	 1.000000
0.178922 	 0.000000
0.205011 	 0.294264
0.339131 	 1.000000
0.191129 	 1.000000
0.065192 	 0.000000
0.262540 	 1.000000
0.406579 	 1.000000
0.279493 	 0.082192
0.254874 	 0.229508
0.465119 	 0.000000
0.202077 	 1.000000
0.161726 	 0.000000
0.143147 	 0.215909
0.341010 	 0.294118
0.279259 	 0.000000
0.197159 	 1.000000
0.244494 	 1.000000
0.254876 	 0.000000
0.047338 	 0.000000
0.205078 	 0.425532
0.165825 	 0.305882
0.259660 	 0.300000
0.080790 	 0.250000
0.344077 	 0.000000
0.256745 	 1.000000
0.430233 	 1.000000
0.115651 	 0.756098
0.205570 	 0.000000
0.000000 	 0.000000
---------
0.520869 ( 51 )
---------

---------------------------------
Thresh 	 F_score
0.300293 	 0.909521
0.284458 	 1.000000
0.262465 	 1.000000
0.050846 	 0.000000
0.221176 	 1.000000
0.435387 	 0.000000
0.175868 	 0.000000
0.204790 	 1.000000
0.043452 	 0.000000
0.192847 	 0.869863
0.362575 	 1.000000
0.430835 	 1.000000
0.515497 	 0.000000
0.119859 	 0.000000
0.360198 	 1.000000
0.115943 	 0.363636
0.372825 	 1.000000
0.167226 	 0.000000
0.335896 	 1.000000
0.285511 	 1.000000
0.291321 	 0.311111
0.077465 	 1.000000
0.128154 	 1.000000
0.222422 	 0.000000
0.192325 	 0.343249
0.340466 	 1.000000
0.191123 	 1.000000
0.055511 	 0.000000
0.263573 	 1.000000
0.408180 	 1.000000
0.280427 	 0.151899
0.255811 	 0.229508
0.466950 	 0.000000
0.206490 	 1.000000
0.162234 	 0.000000
0.143231 	 0.195122
0.271762 	 0.428212
0.274198 	 0.000000
0.200895 	 1.000000
0.245457 	 1.000000
0.258798 	 0.000000
0.047524 	 0.000000
0.210363 	 0.416667
0.170643 	 0.275862
0.282009 	 0.300000
0.075627 	 0.333333
0.345432 	 0.000000
0.257732 	 1.000000
0.431927 	 1.000000
0.114662 	 0.725000
0.206379 	 0.000000
0.000000 	 0.000000
---------
0.526529 ( 51 )
---------

---------------------------------
Thresh 	 F_score
0.322758 	 0.919580
0.279776 	 1.000000
0.263311 	 1.000000
0.047146 	 0.000000
0.221611 	 1.000000
0.436240 	 0.000000
0.176419 	 0.000000
0.205191 	 1.000000
0.043054 	 0.000000
0.210714 	 0.854237
0.363286 	 1.000000
0.431680 	 1.000000
0.585361 	 0.000000
0.098704 	 0.000000
0.360904 	 1.000000
0.109562 	 0.363636
0.373556 	 1.000000
0.167681 	 0.000000
0.336555 	 1.000000
0.286071 	 1.000000
0.294963 	 0.253968
0.154075 	 1.000000
0.190682 	 1.000000
0.227698 	 0.000000
0.233412 	 0.300518
0.341134 	 1.000000
0.191120 	 1.000000
0.050676 	 0.000000
0.264090 	 1.000000
0.408980 	 1.000000
0.276531 	 0.183908
0.254391 	 0.225806
0.467866 	 0.000000
0.208697 	 1.000000
0.162488 	 0.000000
0.134666 	 0.209302
0.235806 	 0.448687
0.270817 	 0.000000
0.202764 	 1.000000
0.245938 	 1.000000
0.250682 	 0.000000
0.159591 	 0.000000
0.177490 	 0.416667
0.212121 	 0.329897
0.211725 	 0.300000
0.072717 	 0.352941
0.346109 	 0.000000
0.258252 	 1.000000
0.432774 	 1.000000
0.112570 	 0.734177
0.206784 	 0.000000
0.000000 	 0.000000
---------
0.527320 ( 51 )
---------

---------------------------------
Thresh 	 F_score
0.244792 	 0.908662
0.277435 	 1.000000
0.263734 	 1.000000
0.045297 	 0.000000
0.221824 	 1.000000
0.436667 	 0.000000
0.176694 	 0.000000
0.205392 	 1.000000
0.042283 	 0.000000
0.219458 	 0.868056
0.363641 	 1.000000
0.432102 	 1.000000
0.622892 	 0.000000
0.107853 	 0.000000
0.361258 	 1.000000
0.174256 	 0.363636
0.373922 	 1.000000
0.167904 	 0.000000
0.336884 	 1.000000
0.286351 	 1.000000
0.312034 	 0.344828
0.192380 	 1.000000
0.133473 	 1.000000
0.214612 	 0.000000
0.218061 	 0.297082
0.341468 	 1.000000
0.191119 	 1.000000
0.048253 	 0.000000
0.264348 	 1.000000
0.409380 	 1.000000
0.260298 	 0.103896
0.271146 	 0.225806
0.468323 	 0.000000
0.209800 	 1.000000
0.162615 	 0.000000
0.133517 	 0.212291
0.359250 	 0.188679
0.269990 	 0.000000
0.203698 	 1.000000
0.246179 	 1.000000
0.274602 	 0.000000
0.107070 	 0.000000
0.222528 	 0.400000
0.232252 	 0.301075
0.196768 	 0.210526
0.083485 	 0.279070
0.346448 	 0.000000
0.258513 	 1.000000
0.433197 	 1.000000
0.113967 	 0.775000
0.206986 	 0.000000
0.000000 	 0.000000
---------
0.519188 ( 51 )
---------

---------------------------------
Thresh 	 F_score
0.220376 	 0.891198
0.276265 	 1.000000
0.263945 	 1.000000
0.044372 	 0.000000
0.221935 	 1.000000
0.436881 	 0.000000
0.176832 	 0.000000
0.205492 	 1.000000
0.042988 	 0.000000
0.227446 	 0.868327
0.363819 	 1.000000
0.432313 	 1.000000
0.358327 	 0.000000
0.117375 	 0.000000
0.361434 	 1.000000
0.169743 	 0.363636
0.374104 	 1.000000
0.167929 	 0.000000
0.337049 	 1.000000
0.286491 	 1.000000
0.311889 	 0.436782
0.206221 	 1.000000
0.105664 	 1.000000
0.210606 	 0.000000
0.233425 	 0.312997
0.341635 	 1.000000
0.191118 	 1.000000
0.155404 	 1.000000
0.264478 	 1.000000
0.409580 	 1.000000
0.285912 	 0.159091
0.274060 	 0.225806
0.468552 	 0.000000
0.210351 	 1.000000
0.162679 	 0.000000
0.162298 	 0.172840
0.415091 	 0.301775
0.269577 	 0.000000
0.204165 	 1.000000
0.246299 	 1.000000
0.258620 	 0.000000
0.077390 	 0.000000
0.185063 	 0.416667
0.236148 	 0.292135
0.153927 	 0.190476
0.080570 	 0.545455
0.346617 	 0.000000
0.258643 	 1.000000
0.433409 	 1.000000
0.116784 	 0.784810
0.207088 	 0.000000
0.000000 	 0.000000
---------
0.548274 ( 51 )
---------
