0.706204,0.664776,0.257410,0.269260,0.370038,0.437094,0.198881,0.435038,0.881760,0.591002,0.363997,0.432524,0.646866,0.599568,0.361611,0.432399,0.374287,0.167659,0.499032,0.286631,0.303277,0.231594,0.745842,0.477188,0.451349,0.503732,0.394404,0.692556,0.435038,0.409780,0.539079,0.517722,0.468781,0.211532,0.162831,0.290563,0.499714,0.536603,0.206172,0.525409,0.607143,0.273609,0.345198,0.604201,0.342831,0.802223,0.571687,0.487149,0.433621,0.383458,0.211685,0.000000,
0.709256,0.312283,0.257410,0.269260,0.214097,0.437094,0.198881,0.491750,0.218235,0.582511,0.363997,0.432524,0.561635,0.575530,0.361611,0.432063,0.374287,0.167659,0.499032,0.286631,0.303277,0.231594,0.212880,0.477188,0.411999,0.503732,0.392760,0.075668,0.491750,0.409780,0.523272,0.517207,0.468781,0.211532,0.162831,0.290563,0.304115,0.536603,0.206172,0.730922,0.607143,0.273609,0.345198,0.606987,0.342831,0.519659,0.346786,0.260893,0.433621,0.383458,0.211685,0.000000,
0.709256,0.312283,0.257410,0.269260,0.214097,0.437094,0.198881,0.261319,0.597467,0.524196,0.363997,0.432524,0.508764,0.557207,0.361611,0.411262,0.374287,0.167659,0.499032,0.286631,0.303277,0.231594,0.628684,0.477188,0.411999,0.503732,0.224828,0.270794,0.261319,0.409780,0.523272,0.380691,0.468781,0.211532,0.162831,0.290563,0.304115,0.536603,0.206172,0.451975,0.607143,0.273609,0.345198,0.279270,0.342831,0.819798,0.346786,0.260893,0.433621,0.383458,0.211685,0.000000,
0.709256,0.312283,0.257410,0.269260,0.214097,0.437094,0.198881,0.261319,0.300561,0.524196,0.363997,0.432524,0.511959,0.547938,0.361611,0.411262,0.374287,0.167659,0.499032,0.286631,0.303277,0.231594,0.254439,0.477188,0.429687,0.503732,0.224828,0.270794,0.261319,0.409780,0.523272,0.380691,0.468781,0.211532,0.162831,0.290563,0.304115,0.536603,0.206172,0.451975,0.607143,0.273609,0.345198,0.610332,0.342831,0.812182,0.346786,0.260893,0.433621,0.383458,0.211685,0.000000,
0.709256,0.312283,0.257410,0.269260,0.214097,0.437094,0.198881,0.261319,0.821943,0.524196,0.363997,0.432524,0.778714,0.549907,0.361611,0.411262,0.374287,0.167659,0.499032,0.286631,0.303277,0.231594,0.430031,0.477188,0.429687,0.503732,0.224828,0.270794,0.261319,0.409780,0.523272,0.380691,0.468781,0.211532,0.162831,0.290563,0.497317,0.536603,0.206172,0.451975,0.607143,0.273609,0.345198,0.604593,0.342831,0.852000,0.346786,0.260893,0.433621,0.383458,0.211685,0.000000,
0.709256,0.312283,0.257410,0.269260,0.214097,0.437094,0.198881,0.261319,0.536669,0.524196,0.363997,0.432524,0.525981,0.548229,0.361611,0.411262,0.374287,0.167659,0.499032,0.286631,0.303277,0.231594,0.403009,0.477188,0.429687,0.503732,0.224828,0.270794,0.261319,0.409780,0.523272,0.569401,0.468781,0.211532,0.162831,0.290563,0.724478,0.536603,0.206172,0.451975,0.607143,0.273609,0.345198,0.595845,0.342831,0.811638,0.346786,0.260893,0.433621,0.383458,0.211685,0.000000,
0.709256,0.312283,0.257410,0.269260,0.214097,0.437094,0.198881,0.261319,0.557248,0.574820,0.363997,0.432524,0.520425,0.576814,0.361611,0.411262,0.374287,0.167659,0.499032,0.286631,0.303277,0.231594,0.299276,0.477188,0.429687,0.503732,0.224828,0.270794,0.261319,0.409780,0.523272,0.594711,0.468781,0.211532,0.162831,0.290563,0.376692,0.536603,0.206172,0.451975,0.607143,0.273609,0.345198,0.274419,0.342831,0.811638,0.346786,0.260893,0.433621,0.383458,0.211685,0.000000,
0.709256,0.312283,0.257410,0.269260,0.214097,0.437094,0.198881,0.261319,0.527987,0.574820,0.363997,0.432524,0.520425,0.511899,0.361611,0.411262,0.374287,0.167659,0.499032,0.286631,0.303277,0.231594,0.642625,0.477188,0.429687,0.503732,0.224828,0.490446,0.261319,0.409780,0.523272,0.253348,0.468781,0.211532,0.162831,0.290563,0.326610,0.536603,0.206172,0.451975,0.607143,0.273609,0.345198,0.282372,0.342831,0.811638,0.346786,0.260893,0.433621,0.383458,0.211685,0.000000,
0.709256,0.312283,0.257410,0.269260,0.214097,0.437094,0.198881,0.261319,0.645094,0.574820,0.363997,0.432524,0.520425,0.539556,0.361611,0.411262,0.374287,0.167659,0.499032,0.286631,0.303277,0.231594,0.151232,0.477188,0.429687,0.503732,0.224828,0.371351,0.261319,0.409780,0.523272,0.288007,0.468781,0.211532,0.162831,0.290563,0.326610,0.536603,0.206172,0.451975,0.607143,0.273609,0.345198,0.281652,0.342831,0.811638,0.346786,0.260893,0.433621,0.383458,0.211685,0.000000,
0.709256,0.312283,0.257410,0.269260,0.214097,0.437094,0.198881,0.261319,0.267330,0.574820,0.363997,0.432524,0.512298,0.604388,0.361611,0.411262,0.374287,0.167659,0.499032,0.286631,0.303277,0.231594,0.631640,0.477188,0.429687,0.503732,0.224828,0.371351,0.261319,0.409780,0.523272,0.288007,0.468781,0.211532,0.162831,0.290563,0.326610,0.536603,0.206172,0.451975,0.607143,0.273609,0.345198,0.607327,0.342831,0.811638,0.346786,0.260893,0.433621,0.383458,0.211685,0.000000,
0.709256,0.312283,0.257410,0.269260,0.214097,0.437094,0.198881,0.261319,0.407305,0.574820,0.363997,0.432524,0.512298,0.468320,0.361611,0.411262,0.374287,0.167659,0.499032,0.286631,0.303277,0.231594,0.394832,0.477188,0.429687,0.503732,0.224828,0.692251,0.261319,0.409780,0.523272,0.404062,0.468781,0.211532,0.162831,0.290563,0.377693,0.536603,0.206172,0.451975,0.607143,0.273609,0.345198,0.607327,0.342831,0.811638,0.346786,0.260893,0.433621,0.383458,0.211685,0.000000,
0.709256,0.633983,0.257410,0.269260,0.214097,0.437094,0.198881,0.261319,0.188736,0.574820,0.363997,0.432524,0.510417,0.609372,0.361611,0.411262,0.374287,0.167659,0.499032,0.286631,0.303277,0.231594,0.408975,0.477188,0.429687,0.503732,0.224828,0.356839,0.261319,0.409780,0.523272,0.288007,0.468781,0.211532,0.162831,0.290563,0.377693,0.536603,0.206172,0.451975,0.607143,0.273609,0.345198,0.607327,0.342831,0.347180,0.346786,0.260893,0.433621,0.383458,0.211685,0.000000,
0.709256,0.274235,0.257410,0.269260,0.214097,0.437094,0.198881,0.261319,0.712165,0.574820,0.363997,0.432524,0.510417,0.588979,0.361611,0.411262,0.374287,0.167659,0.499032,0.286631,0.303277,0.231594,0.177558,0.477188,0.429687,0.503732,0.224828,0.201187,0.261319,0.409780,0.523272,0.288007,0.468781,0.211532,0.162831,0.290563,0.377693,0.536603,0.206172,0.451975,0.607143,0.273609,0.345198,0.446421,0.342831,0.347180,0.346786,0.260893,0.433621,0.383458,0.211685,0.000000,
0.709256,0.274235,0.257410,0.269260,0.214097,0.437094,0.198881,0.261319,0.217506,0.574820,0.363997,0.432524,0.510417,0.523737,0.361611,0.417912,0.374287,0.167659,0.499032,0.286631,0.303277,0.231594,0.364441,0.477188,0.429687,0.503732,0.224828,0.356839,0.261319,0.409780,0.523272,0.253348,0.468781,0.211532,0.162831,0.290563,0.417940,0.536603,0.206172,0.451975,0.607143,0.273609,0.345198,0.354360,0.342831,0.413380,0.346786,0.260893,0.433621,0.383458,0.211685,0.000000,
0.709256,0.274235,0.257410,0.269260,0.214097,0.437094,0.198881,0.261319,0.548216,0.574820,0.363997,0.432524,0.512298,0.521019,0.361611,0.417912,0.374287,0.167659,0.499032,0.286631,0.303277,0.231594,0.442955,0.477188,0.429687,0.503732,0.224828,0.201187,0.261319,0.409780,0.523272,0.253348,0.468781,0.211532,0.162831,0.290563,0.375966,0.536603,0.206172,0.451975,0.607143,0.273609,0.345198,0.457240,0.342831,0.413380,0.346786,0.260893,0.433621,0.383458,0.211685,0.000000,
0.709256,0.274235,0.257410,0.269260,0.214097,0.437094,0.198881,0.261319,0.110735,0.574820,0.363997,0.432524,0.512298,0.517827,0.361611,0.417912,0.374287,0.167659,0.499032,0.286631,0.303277,0.231594,0.442955,0.477188,0.429687,0.503732,0.224828,0.360821,0.261319,0.409780,0.523272,0.288449,0.468781,0.211532,0.162831,0.290563,0.375966,0.536603,0.206172,0.451975,0.607143,0.273609,0.345198,0.457240,0.342831,0.413380,0.346786,0.260893,0.433621,0.383458,0.211685,0.000000,
0.709256,0.274235,0.257410,0.269260,0.214097,0.437094,0.198881,0.261319,0.476126,0.574820,0.363997,0.432524,0.574764,0.511342,0.361611,0.417912,0.374287,0.167659,0.499032,0.286631,0.303277,0.231594,0.365009,0.477188,0.429687,0.503732,0.224828,0.337211,0.261319,0.409780,0.523272,0.445777,0.468781,0.211532,0.162831,0.290563,0.375966,0.536603,0.206172,0.451975,0.607143,0.273609,0.345198,0.557732,0.342831,0.413380,0.346786,0.260893,0.433621,0.383458,0.211685,0.000000,
0.709256,0.274235,0.257410,0.269260,0.214097,0.437094,0.198881,0.261319,0.818390,0.574820,0.363997,0.432524,0.512298,0.545437,0.361611,0.417912,0.374287,0.167659,0.499032,0.286631,0.303277,0.231594,0.372158,0.477188,0.429687,0.503732,0.224828,0.337211,0.261319,0.409780,0.523272,0.445777,0.468781,0.211532,0.162831,0.290563,0.375966,0.536603,0.206172,0.451975,0.607143,0.273609,0.345198,0.602609,0.342831,0.413380,0.346786,0.260893,0.433621,0.383458,0.211685,0.000000,
0.709256,0.274235,0.257410,0.269260,0.214097,0.437094,0.198881,0.261319,0.542242,0.581906,0.363997,0.432524,0.510417,0.532012,0.361611,0.417912,0.374287,0.167659,0.499032,0.286631,0.303277,0.231594,0.621080,0.477188,0.429687,0.503732,0.224828,0.337211,0.261319,0.409780,0.523272,0.445777,0.468781,0.211532,0.162831,0.290563,0.375966,0.536603,0.206172,0.451975,0.607143,0.273609,0.345198,0.604215,0.342831,0.347180,0.346786,0.260893,0.433621,0.383458,0.211685,0.000000,
0.709256,0.274235,0.257410,0.269260,0.214097,0.437094,0.198881,0.261319,0.530470,0.581906,0.363997,0.432524,0.609416,0.549464,0.361611,0.417912,0.374287,0.167659,0.499032,0.286631,0.303277,0.231594,0.258975,0.477188,0.429687,0.503732,0.224828,0.337211,0.261319,0.409780,0.523272,0.445777,0.468781,0.211532,0.162831,0.290563,0.375966,0.536603,0.206172,0.451975,0.607143,0.273609,0.345198,0.275039,0.342831,0.347180,0.346786,0.260893,0.433621,0.383458,0.211685,0.000000,
0.709256,0.274235,0.257410,0.269260,0.214097,0.437094,0.198881,0.261319,0.228152,0.581906,0.363997,0.432524,0.503223,0.482883,0.361611,0.417912,0.374287,0.167659,0.499032,0.286631,0.303277,0.231594,0.388430,0.477188,0.429687,0.503732,0.224828,0.337211,0.261319,0.409780,0.523272,0.445777,0.468781,0.211532,0.162831,0.290563,0.379613,0.536603,0.206172,0.451975,0.607143,0.273609,0.345198,0.568626,0.342831,0.347180,0.346786,0.260893,0.433621,0.383458,0.211685,0.000000,
0.709256,0.274235,0.257410,0.269260,0.214097,0.437094,0.198881,0.261319,0.574808,0.581906,0.363997,0.432524,0.487947,0.486478,0.361611,0.417912,0.374287,0.167659,0.499032,0.286631,0.303277,0.231594,0.633444,0.477188,0.429687,0.503732,0.224828,0.337211,0.261319,0.409780,0.523272,0.445777,0.468781,0.211532,0.162831,0.290563,0.379613,0.536603,0.206172,0.451975,0.607143,0.273609,0.345198,0.273530,0.342831,0.347180,0.346786,0.260893,0.433621,0.383458,0.211685,0.000000,
0.709256,0.274235,0.257410,0.269260,0.214097,0.437094,0.198881,0.261319,0.463802,0.581906,0.363997,0.432524,0.507403,0.514159,0.361611,0.417912,0.374287,0.167659,0.499032,0.286631,0.303277,0.231594,0.628331,0.477188,0.429687,0.503732,0.224828,0.337211,0.261319,0.409780,0.523272,0.445777,0.468781,0.211532,0.162831,0.290563,0.375966,0.536603,0.206172,0.451975,0.607143,0.273609,0.345198,0.558086,0.342831,0.347180,0.346786,0.260893,0.433621,0.383458,0.211685,0.000000,
0.709256,0.274235,0.257410,0.269260,0.214097,0.437094,0.198881,0.261319,0.817828,0.581906,0.363997,0.432524,0.611173,0.544961,0.361611,0.417912,0.374287,0.167659,0.499032,0.286631,0.303277,0.231594,0.309840,0.477188,0.429687,0.503732,0.224828,0.425595,0.261319,0.409780,0.523272,0.445777,0.468781,0.211532,0.162831,0.290563,0.375966,0.536603,0.206172,0.451975,0.607143,0.273609,0.345198,0.277776,0.342831,0.347180,0.346786,0.260893,0.433621,0.383458,0.211685,0.000000,
0.709256,0.274235,0.257410,0.269260,0.214097,0.437094,0.198881,0.261319,0.523580,0.581906,0.363997,0.432524,0.900590,0.540821,0.361611,0.417912,0.374287,0.167659,0.499032,0.286631,0.303277,0.231594,0.421569,0.477188,0.429687,0.503732,0.224828,0.231561,0.261319,0.409780,0.523272,0.445777,0.468781,0.211532,0.162831,0.290563,0.375966,0.536603,0.206172,0.451975,0.607143,0.273609,0.345198,0.543919,0.342831,0.347180,0.346786,0.260893,0.433621,0.383458,0.211685,0.000000,
0.709256,0.274235,0.257410,0.269260,0.214097,0.437094,0.198881,0.261319,0.564105,0.581906,0.363997,0.432524,0.225946,0.538156,0.361611,0.417912,0.374287,0.167659,0.499032,0.286631,0.303277,0.231594,0.423855,0.477188,0.429687,0.503732,0.224828,0.333056,0.261319,0.409780,0.523272,0.445777,0.468781,0.211532,0.162831,0.290563,0.375521,0.536603,0.206172,0.451975,0.607143,0.273609,0.345198,0.559402,0.342831,0.347180,0.346786,0.260893,0.433621,0.383458,0.211685,0.000000,
0.709256,0.274235,0.257410,0.269260,0.214097,0.437094,0.198881,0.261319,0.712706,0.581906,0.363997,0.432524,0.226124,0.447157,0.361611,0.417912,0.374287,0.167659,0.499032,0.286631,0.303277,0.231594,0.427630,0.477188,0.429687,0.503732,0.224828,0.333056,0.261319,0.409780,0.523272,0.445777,0.468781,0.211532,0.162831,0.290563,0.375521,0.536603,0.206172,0.451975,0.607143,0.273609,0.345198,0.359249,0.342831,0.347180,0.346786,0.260893,0.433621,0.383458,0.211685,0.000000,
0.709256,0.274235,0.257410,0.269260,0.214097,0.437094,0.198881,0.261319,0.119163,0.581906,0.363997,0.432524,0.227431,0.457951,0.361611,0.417912,0.374287,0.167659,0.499032,0.286631,0.303277,0.231594,0.828544,0.477188,0.429687,0.503732,0.635298,0.425723,0.261319,0.409780,0.523272,0.445777,0.468781,0.211532,0.162831,0.290563,0.358779,0.536603,0.206172,0.451975,0.607143,0.273609,0.345198,0.559608,0.342831,0.347180,0.346786,0.260893,0.433621,0.383458,0.211685,0.000000,
0.709256,0.274235,0.257410,0.269260,0.214097,0.437094,0.198881,0.261319,0.821683,0.581906,0.363997,0.432524,0.516889,0.470329,0.361611,0.417912,0.374287,0.167659,0.499032,0.286631,0.303277,0.231594,0.497336,0.477188,0.429687,0.503732,0.348535,0.197178,0.261319,0.409780,0.523272,0.445777,0.468781,0.211532,0.162831,0.290563,0.358779,0.536603,0.206172,0.451975,0.607143,0.273609,0.345198,0.552980,0.342831,0.347180,0.346786,0.260893,0.433621,0.383458,0.211685,0.000000,
0.709256,0.393857,0.257410,0.269260,0.214097,0.437094,0.198881,0.261319,0.561942,0.581906,0.363997,0.432524,0.523736,0.538221,0.361611,0.417912,0.374287,0.167659,0.499032,0.286631,0.303277,0.231594,0.119017,0.477188,0.429687,0.503732,0.348535,0.356903,0.261319,0.409780,0.523272,0.445777,0.468781,0.211532,0.162831,0.290563,0.375521,0.536603,0.206172,0.451975,0.607143,0.273609,0.345198,0.552119,0.342831,0.347180,0.346786,0.260893,0.433621,0.383458,0.211685,0.000000,
0.709256,0.393857,0.257410,0.269260,0.214097,0.437094,0.198881,0.261319,0.572791,0.581906,0.363997,0.432524,0.522515,0.511259,0.361611,0.417912,0.374287,0.167659,0.499032,0.286631,0.303277,0.231594,0.389711,0.477188,0.429687,0.503732,0.348535,0.045846,0.261319,0.409780,0.523272,0.445777,0.468781,0.211532,0.162831,0.290563,0.377341,0.536603,0.206172,0.451975,0.607143,0.273609,0.345198,0.542716,0.342831,0.347180,0.346786,0.260893,0.433621,0.383458,0.211685,0.000000,
0.709256,0.393857,0.257410,0.269260,0.214097,0.437094,0.198881,0.261319,0.567758,0.581906,0.363997,0.432524,0.523177,0.511292,0.361611,0.417912,0.374287,0.167659,0.499032,0.286631,0.303277,0.231594,0.622376,0.477188,0.429687,0.503732,0.348535,0.045846,0.261319,0.409780,0.524653,0.445777,0.468781,0.211532,0.162831,0.290563,0.375521,0.536603,0.206172,0.451975,0.607143,0.273609,0.345198,0.278748,0.342831,0.347180,0.346786,0.260893,0.433621,0.383458,0.211685,0.000000,
0.709256,0.393857,0.257410,0.269260,0.214097,0.437094,0.198881,0.261319,0.712175,0.574820,0.363997,0.432524,0.520544,0.540163,0.361611,0.417912,0.374287,0.167659,0.499032,0.286631,0.303277,0.231594,0.188012,0.477188,0.429687,0.503732,0.348535,0.045846,0.261319,0.409780,0.524653,0.445777,0.468781,0.211532,0.162831,0.290563,0.375521,0.536603,0.206172,0.451975,0.607143,0.273609,0.345198,0.597427,0.342831,0.347180,0.346786,0.260893,0.433621,0.383458,0.211685,0.000000,
0.709256,0.393857,0.257410,0.269260,0.214097,0.437094,0.198881,0.261319,0.318968,0.574820,0.363997,0.432524,0.522829,0.537636,0.361611,0.417912,0.374287,0.167659,0.499032,0.286631,0.303277,0.231594,0.631832,0.477188,0.429687,0.503732,0.348535,0.045846,0.261319,0.409780,0.524653,0.445777,0.468781,0.211532,0.162831,0.290563,0.375521,0.536603,0.206172,0.451975,0.607143,0.273609,0.345198,0.605961,0.342831,0.347180,0.346786,0.260893,0.433621,0.383458,0.211685,0.000000,
0.709256,0.393857,0.257410,0.269260,0.214097,0.437094,0.198881,0.261319,0.644526,0.581906,0.363997,0.432524,0.520885,0.510130,0.361611,0.417912,0.374287,0.167659,0.499032,0.286631,0.303277,0.231594,0.757243,0.477188,0.429687,0.503732,0.348535,0.045846,0.261319,0.409780,0.524653,0.445777,0.468781,0.211532,0.162831,0.290563,0.375521,0.536603,0.206172,0.451975,0.607143,0.273609,0.345198,0.601485,0.342831,0.347180,0.346786,0.260893,0.433621,0.383458,0.211685,0.000000,
0.709256,0.393857,0.257410,0.269260,0.214097,0.437094,0.198881,0.261319,0.309162,0.581906,0.363997,0.432524,0.524659,0.509933,0.361611,0.417912,0.374287,0.167659,0.499032,0.286631,0.303277,0.231594,0.509032,0.477188,0.429687,0.503732,0.348535,0.045846,0.261319,0.409780,0.524653,0.445777,0.468781,0.211532,0.162831,0.290563,0.358779,0.536603,0.206172,0.451975,0.607143,0.273609,0.345198,0.281082,0.342831,0.347180,0.346786,0.260893,0.433621,0.383458,0.211685,0.000000,
0.709256,0.393857,0.257410,0.269260,0.214097,0.437094,0.198881,0.261319,0.108118,0.581906,0.363997,0.432524,0.327084,0.530876,0.361611,0.417912,0.374287,0.167659,0.499032,0.286631,0.303277,0.231594,0.370100,0.477188,0.429687,0.503732,0.348535,0.045846,0.261319,0.409780,0.524653,0.445777,0.468781,0.211532,0.162831,0.290563,0.375521,0.536603,0.206172,0.451975,0.607143,0.273609,0.345198,0.272090,0.342831,0.347180,0.346786,0.260893,0.433621,0.383458,0.211685,0.000000,
0.709256,0.393857,0.257410,0.269260,0.214097,0.437094,0.198881,0.261319,0.899345,0.581906,0.363997,0.432524,0.521738,0.538181,0.361611,0.417912,0.374287,0.167659,0.499032,0.286631,0.303277,0.231594,0.087570,0.477188,0.429687,0.503732,0.348535,0.045846,0.261319,0.409780,0.524653,0.445777,0.468781,0.211532,0.162831,0.290563,0.377341,0.536603,0.206172,0.451975,0.607143,0.273609,0.345198,0.271468,0.342831,0.347180,0.346786,0.260893,0.433621,0.383458,0.211685,0.000000,
0.709256,0.393857,0.257410,0.269260,0.214097,0.437094,0.198881,0.261319,0.065832,0.581906,0.363997,0.432524,0.524266,0.538030,0.361611,0.417912,0.374287,0.167659,0.499032,0.286631,0.303277,0.231594,0.058709,0.477188,0.429687,0.503732,0.348535,0.045846,0.261319,0.409780,0.524653,0.445777,0.468781,0.211532,0.162831,0.290563,0.377341,0.536603,0.206172,0.451975,0.607143,0.273609,0.345198,0.359427,0.342831,0.347180,0.346786,0.260893,0.433621,0.383458,0.211685,0.000000,
0.709256,0.393857,0.257410,0.269260,0.214097,0.437094,0.198881,0.261319,0.899345,0.581906,0.363997,0.432524,0.538482,0.439964,0.361611,0.417912,0.374287,0.167659,0.499032,0.286631,0.303277,0.231594,0.591592,0.477188,0.429687,0.503732,0.348535,0.045846,0.261319,0.409780,0.524653,0.445777,0.468781,0.211532,0.162831,0.290563,0.375521,0.536603,0.206172,0.451975,0.607143,0.273609,0.345198,0.274641,0.342831,0.347180,0.346786,0.260893,0.433621,0.383458,0.211685,0.000000,
0.709256,0.393857,0.257410,0.269260,0.214097,0.437094,0.198881,0.261319,0.220019,0.581906,0.363997,0.432524,0.524937,0.447384,0.361611,0.417912,0.374287,0.167659,0.499032,0.286631,0.303277,0.231594,0.099573,0.477188,0.429687,0.503732,0.348535,0.045846,0.261319,0.409780,0.524653,0.445777,0.468781,0.211532,0.162831,0.290563,0.358779,0.536603,0.206172,0.451975,0.607143,0.273609,0.345198,0.582083,0.342831,0.347180,0.346786,0.260893,0.433621,0.383458,0.211685,0.000000,
0.709256,0.274235,0.257410,0.269260,0.214097,0.437094,0.198881,0.261319,0.572792,0.581906,0.363997,0.432524,0.524937,0.451931,0.361611,0.417912,0.374287,0.167659,0.499032,0.286631,0.303277,0.231594,0.421027,0.477188,0.429687,0.503732,0.348535,0.045846,0.261319,0.409780,0.524653,0.445777,0.468781,0.211532,0.162831,0.290563,0.358779,0.536603,0.206172,0.451975,0.607143,0.273609,0.345198,0.274519,0.342831,0.347180,0.346786,0.260893,0.433621,0.383458,0.211685,0.000000,
0.709256,0.274235,0.257410,0.269260,0.214097,0.437094,0.198881,0.261319,0.583669,0.574820,0.363997,0.432524,0.524899,0.450198,0.361611,0.417912,0.374287,0.167659,0.499032,0.286631,0.303277,0.231594,0.751677,0.477188,0.429687,0.503732,0.348535,0.045846,0.261319,0.409780,0.524653,0.445777,0.468781,0.211532,0.162831,0.290563,0.377341,0.536603,0.206172,0.451975,0.607143,0.273609,0.345198,0.582716,0.342831,0.347180,0.346786,0.260893,0.433621,0.383458,0.211685,0.000000,
0.709256,0.393857,0.257410,0.269260,0.214097,0.437094,0.198881,0.261319,0.578140,0.574820,0.363997,0.432524,0.539525,0.451875,0.361611,0.417912,0.374287,0.167659,0.499032,0.286631,0.303277,0.231594,0.126970,0.477188,0.429687,0.503732,0.348535,0.338842,0.261319,0.409780,0.524653,0.445777,0.468781,0.211532,0.162831,0.290563,0.377341,0.536603,0.206172,0.451975,0.607143,0.273609,0.345198,0.590480,0.342831,0.347180,0.346786,0.260893,0.433621,0.383458,0.211685,0.000000,
0.709256,0.393857,0.257410,0.269260,0.214097,0.437094,0.198881,0.261319,0.545983,0.574820,0.363997,0.432524,0.279214,0.455435,0.361611,0.417912,0.374287,0.167659,0.499032,0.286631,0.303277,0.231594,0.840348,0.477188,0.429687,0.503732,0.348535,0.338842,0.261319,0.409780,0.524653,0.445777,0.468781,0.211532,0.162831,0.290563,0.377341,0.536603,0.206172,0.451975,0.607143,0.273609,0.345198,0.590329,0.342831,0.347180,0.346786,0.260893,0.433621,0.383458,0.211685,0.000000,
0.709256,0.393857,0.257410,0.269260,0.214097,0.437094,0.198881,0.261319,0.529772,0.574820,0.363997,0.432524,0.301844,0.449418,0.361611,0.417912,0.374287,0.167659,0.499032,0.286631,0.303277,0.231594,0.438564,0.477188,0.429687,0.503732,0.348535,0.338842,0.261319,0.409780,0.524653,0.445777,0.468781,0.211532,0.162831,0.290563,0.377341,0.536603,0.206172,0.451975,0.607143,0.273609,0.345198,0.590920,0.342831,0.347180,0.346786,0.260893,0.433621,0.383458,0.211685,0.000000,
0.709256,0.393857,0.257410,0.269260,0.214097,0.437094,0.198881,0.261319,0.529772,0.574820,0.363997,0.432524,0.399275,0.510776,0.361611,0.417912,0.374287,0.167659,0.499032,0.286631,0.303277,0.231594,0.359966,0.477188,0.429687,0.503732,0.348535,0.338842,0.261319,0.409780,0.524653,0.445777,0.468781,0.211532,0.162831,0.290563,0.377341,0.536603,0.206172,0.451975,0.607143,0.273609,0.345198,0.564656,0.342831,0.347180,0.346786,0.260893,0.433621,0.383458,0.211685,0.000000,
0.709256,0.393857,0.257410,0.269260,0.214097,0.437094,0.198881,0.261319,0.069115,0.574820,0.363997,0.432524,0.230515,0.448438,0.361611,0.417912,0.374287,0.167659,0.499032,0.286631,0.303277,0.231594,0.556513,0.477188,0.429687,0.503732,0.348535,0.338842,0.261319,0.409780,0.524653,0.445777,0.468781,0.211532,0.162831,0.290563,0.377341,0.536603,0.206172,0.451975,0.607143,0.273609,0.345198,0.274943,0.342831,0.347180,0.346786,0.260893,0.433621,0.383458,0.211685,0.000000,
0.709256,0.393857,0.257410,0.269260,0.214097,0.437094,0.198881,0.261319,0.899345,0.574820,0.363997,0.432524,0.291096,0.502252,0.361611,0.417912,0.374287,0.167659,0.499032,0.286631,0.303277,0.231594,0.127697,0.477188,0.429687,0.503732,0.348535,0.338842,0.261319,0.409780,0.524653,0.445777,0.468781,0.211532,0.162831,0.290563,0.375521,0.536603,0.206172,0.451975,0.607143,0.273609,0.345198,0.588217,0.342831,0.347180,0.346786,0.260893,0.433621,0.383458,0.211685,0.000000,
0.709256,0.393857,0.257410,0.269260,0.214097,0.437094,0.198881,0.261376,0.372038,0.574820,0.363997,0.432524,0.509616,0.408130,0.361611,0.417912,0.374287,0.167659,0.499032,0.286631,0.303277,0.231594,0.097270,0.477188,0.429687,0.503732,0.348535,0.338842,0.261319,0.409780,0.524653,0.445777,0.468781,0.211532,0.162831,0.290563,0.375521,0.536603,0.206172,0.451975,0.607143,0.273609,0.345198,0.267768,0.342831,0.347180,0.346786,0.260893,0.433621,0.383458,0.211685,0.000000,
0.709256,0.393857,0.257410,0.269260,0.214097,0.437094,0.198881,0.261376,0.077774,0.574820,0.363997,0.432524,0.538519,0.500016,0.361611,0.417912,0.374287,0.167659,0.499032,0.286631,0.303277,0.231594,0.377451,0.477188,0.429687,0.503732,0.348535,0.367843,0.261319,0.409780,0.524653,0.445777,0.468781,0.211532,0.162831,0.290563,0.375966,0.536603,0.206172,0.451975,0.607143,0.273609,0.345198,0.505856,0.342831,0.347180,0.346786,0.260893,0.433621,0.383458,0.211685,0.000000,
0.709256,0.393857,0.257410,0.269260,0.214097,0.437094,0.198881,0.261376,0.899345,0.574820,0.363997,0.432524,0.517309,0.450227,0.361611,0.417912,0.374287,0.167659,0.499032,0.286631,0.303277,0.231594,0.373722,0.477188,0.429687,0.503732,0.348535,0.367843,0.261319,0.409780,0.524653,0.445777,0.468781,0.211532,0.162831,0.290563,0.375966,0.536603,0.206172,0.451975,0.607143,0.273609,0.345198,0.591922,0.342831,0.347180,0.346786,0.260893,0.433621,0.383458,0.211685,0.000000,
0.709256,0.393857,0.257410,0.269260,0.214097,0.437094,0.198881,0.261376,0.208355,0.574820,0.363997,0.432524,0.516545,0.454306,0.361611,0.417912,0.374287,0.167659,0.499032,0.286631,0.303277,0.231594,0.301886,0.477188,0.429687,0.503732,0.348535,0.365700,0.261319,0.409780,0.524653,0.445777,0.468781,0.211532,0.162831,0.290563,0.379613,0.536603,0.206172,0.451975,0.607143,0.273609,0.345198,0.588833,0.342831,0.347180,0.346786,0.260893,0.433621,0.383458,0.211685,0.000000,
0.709256,0.393857,0.257410,0.269260,0.214097,0.437094,0.198881,0.261376,0.555558,0.574820,0.363997,0.432524,0.518840,0.508669,0.361611,0.417912,0.374287,0.167659,0.499032,0.286631,0.303277,0.231594,0.590199,0.477188,0.429687,0.503732,0.348535,0.365700,0.261319,0.409780,0.524653,0.445777,0.468781,0.211532,0.162831,0.290563,0.379613,0.536603,0.206172,0.451975,0.607143,0.273609,0.345198,0.586849,0.342831,0.347180,0.346786,0.260893,0.433621,0.383458,0.211685,0.000000,
0.709256,0.393857,0.257410,0.269260,0.214097,0.437094,0.198881,0.261376,0.712414,0.574820,0.363997,0.432524,0.175530,0.508882,0.361611,0.417912,0.374287,0.167659,0.499032,0.286631,0.303277,0.231594,0.084607,0.477188,0.429687,0.503732,0.348535,0.365700,0.261319,0.409780,0.524653,0.420758,0.468781,0.211532,0.162831,0.290563,0.379613,0.536603,0.206172,0.451975,0.607143,0.273609,0.345198,0.588013,0.342831,0.347180,0.346786,0.260893,0.433621,0.383458,0.211685,0.000000,
0.709256,0.393857,0.257410,0.269260,0.214097,0.437094,0.198881,0.261376,0.063663,0.574820,0.363997,0.432524,0.293900,0.448995,0.361611,0.417912,0.374287,0.167659,0.499032,0.286631,0.303277,0.231594,0.047264,0.477188,0.429687,0.503732,0.348535,0.365700,0.261319,0.409780,0.524653,0.420758,0.468781,0.211532,0.162831,0.290563,0.379613,0.536603,0.206172,0.451975,0.607143,0.273609,0.345198,0.589192,0.342831,0.398886,0.346786,0.260893,0.433621,0.383458,0.211685,0.000000,
0.709256,0.393857,0.257410,0.269260,0.214097,0.437094,0.198881,0.261376,0.899345,0.574820,0.363997,0.432524,0.446594,0.438226,0.361611,0.417912,0.374287,0.167659,0.499032,0.286631,0.303277,0.231594,0.266176,0.477188,0.429687,0.503732,0.348535,0.365700,0.261319,0.409780,0.524653,0.420758,0.468781,0.211532,0.162831,0.290563,0.375966,0.536603,0.206172,0.451975,0.607143,0.273609,0.345198,0.462374,0.342831,0.398886,0.346786,0.260893,0.433621,0.383458,0.211685,0.000000,
0.709256,0.393857,0.257410,0.269260,0.214097,0.437094,0.198881,0.261376,0.169087,0.574820,0.363997,0.432524,0.493316,0.684423,0.361611,0.417912,0.374287,0.167659,0.499032,0.286631,0.303277,0.231594,0.314563,0.477188,0.429687,0.503732,0.348535,0.365700,0.261319,0.409780,0.524653,0.420758,0.468781,0.211532,0.162831,0.290563,0.359441,0.536603,0.206172,0.451975,0.607143,0.273609,0.345198,0.487733,0.342831,0.347180,0.346786,0.260893,0.433621,0.383458,0.211685,0.000000,
0.815408,0.393857,0.257410,0.269260,0.214097,0.437094,0.198881,0.261376,0.644410,0.574820,0.363997,0.432524,0.503729,0.579230,0.361611,0.417912,0.374287,0.167659,0.499032,0.286631,0.303277,0.231594,0.348443,0.477188,0.429687,0.503732,0.348535,0.365700,0.261319,0.409780,0.524653,0.420758,0.468781,0.211532,0.162831,0.290563,0.359441,0.536603,0.206172,0.451975,0.607143,0.273609,0.345198,0.591453,0.342831,0.347180,0.346786,0.260893,0.433621,0.383458,0.211685,0.000000,
0.731351,0.393857,0.257410,0.269260,0.214097,0.437094,0.198881,0.261376,0.147693,0.574820,0.363997,0.432524,0.286122,0.391531,0.361611,0.417912,0.374287,0.167659,0.499032,0.286631,0.303277,0.231594,0.328305,0.477188,0.429687,0.503732,0.348535,0.365700,0.261319,0.409780,0.524653,0.420758,0.468781,0.211532,0.162831,0.290563,0.359441,0.536603,0.206172,0.451975,0.607143,0.273609,0.345198,0.458246,0.342831,0.347180,0.346786,0.260893,0.433621,0.383458,0.211685,0.000000,
0.640379,0.393857,0.257410,0.269260,0.214097,0.437094,0.198881,0.261376,0.598580,0.574820,0.363997,0.432524,0.300456,0.383204,0.361611,0.417912,0.374287,0.167659,0.499032,0.286631,0.303277,0.231594,0.395760,0.477188,0.429687,0.503732,0.348535,0.365700,0.261319,0.409780,0.524653,0.420758,0.468781,0.211532,0.162831,0.290563,0.379688,0.536603,0.206172,0.451975,0.607143,0.273609,0.345198,0.486508,0.342831,0.347180,0.346786,0.260893,0.433621,0.383458,0.211685,0.000000,
0.732328,0.393857,0.257410,0.269260,0.214097,0.437094,0.198881,0.261376,0.596067,0.574820,0.363997,0.432524,0.520387,0.357731,0.361611,0.417912,0.374287,0.167659,0.499032,0.286631,0.303277,0.231594,0.426389,0.477188,0.429687,0.503732,0.348535,0.365700,0.261319,0.409780,0.524653,0.420758,0.468781,0.211532,0.162831,0.290563,0.379688,0.536603,0.206172,0.451975,0.607143,0.273609,0.345198,0.590026,0.342831,0.347180,0.346786,0.260893,0.433621,0.383458,0.211685,0.000000,
0.732328,0.393857,0.257410,0.269260,0.214097,0.437094,0.198881,0.261376,0.523169,0.574820,0.363997,0.432524,0.225477,0.401774,0.361611,0.417912,0.374287,0.167659,0.499032,0.286631,0.303277,0.231594,0.541117,0.477188,0.429687,0.503732,0.348535,0.365701,0.261319,0.409780,0.524653,0.420758,0.468781,0.211532,0.162831,0.290563,0.379688,0.536603,0.206172,0.451975,0.607143,0.273609,0.345198,0.590026,0.342831,0.347180,0.346786,0.260893,0.433621,0.383458,0.211685,0.000000,
0.732328,0.393857,0.257410,0.269260,0.214097,0.437094,0.198881,0.261376,0.520791,0.574820,0.363997,0.432524,0.438166,0.436076,0.361611,0.417912,0.374287,0.167659,0.499032,0.286631,0.303277,0.231594,0.818887,0.477188,0.429687,0.503732,0.348535,0.366459,0.261319,0.409780,0.524653,0.420758,0.468781,0.211532,0.162831,0.290563,0.379688,0.536603,0.206172,0.451975,0.607143,0.273609,0.345198,0.275740,0.342831,0.347180,0.346786,0.260893,0.433621,0.383458,0.211685,0.000000,
0.732328,0.393857,0.257410,0.269260,0.214097,0.437094,0.198881,0.261376,0.346704,0.574820,0.363997,0.432524,0.269093,0.450541,0.361611,0.417912,0.374287,0.167659,0.499032,0.286631,0.303277,0.231594,0.121850,0.477188,0.429687,0.503732,0.348535,0.366459,0.261319,0.409780,0.511447,0.420758,0.468781,0.211532,0.162831,0.290563,0.379688,0.536603,0.206172,0.451975,0.607143,0.273609,0.345198,0.593334,0.342831,0.347180,0.346786,0.260893,0.433621,0.383458,0.211685,0.000000,
0.732328,0.393857,0.257410,0.269260,0.214097,0.437094,0.198881,0.261376,0.901326,0.574820,0.363997,0.432524,0.518886,0.463566,0.361611,0.417912,0.374287,0.167659,0.499032,0.286631,0.303277,0.231594,0.125008,0.477188,0.429687,0.503732,0.348535,0.366459,0.261319,0.409780,0.511447,0.420758,0.468781,0.211532,0.162831,0.290563,0.359273,0.536603,0.206172,0.451975,0.607143,0.273609,0.345198,0.585435,0.342831,0.347180,0.346786,0.260893,0.433621,0.383458,0.211685,0.000000,
0.732328,0.393857,0.257410,0.269260,0.214097,0.437094,0.198881,0.261376,0.803690,0.574820,0.363997,0.432524,0.524491,0.453534,0.361611,0.417912,0.374287,0.167659,0.499032,0.286631,0.303277,0.231594,0.372562,0.477188,0.429687,0.503732,0.348535,0.366459,0.261319,0.409780,0.511447,0.420758,0.468781,0.211532,0.162831,0.290563,0.359273,0.536603,0.206172,0.451975,0.607143,0.273609,0.345198,0.585435,0.342831,0.347180,0.346786,0.260893,0.433621,0.383458,0.211685,0.000000,
0.732328,0.393857,0.257410,0.269260,0.214097,0.437094,0.198881,0.261376,0.198141,0.574820,0.363997,0.432524,0.519935,0.433033,0.361611,0.417912,0.374287,0.167659,0.499032,0.286631,0.303277,0.231594,0.372562,0.477188,0.429687,0.503732,0.348535,0.366459,0.261319,0.409780,0.511447,0.420758,0.468781,0.211532,0.162831,0.290563,0.359273,0.536603,0.206172,0.451975,0.607143,0.273609,0.345198,0.585306,0.342831,0.347180,0.346786,0.260893,0.433621,0.383458,0.211685,0.000000,
0.732328,0.393857,0.257410,0.269260,0.214097,0.437094,0.198881,0.261376,0.477920,0.574820,0.363997,0.432524,0.275863,0.443622,0.361611,0.417912,0.374287,0.167659,0.499032,0.286631,0.303277,0.231594,0.125008,0.477188,0.429687,0.503732,0.348535,0.366459,0.261319,0.409780,0.511447,0.420758,0.468781,0.211532,0.162831,0.290563,0.375966,0.536603,0.206172,0.451975,0.607143,0.273609,0.345198,0.574231,0.342831,0.347180,0.346786,0.260893,0.433621,0.383458,0.211685,0.000000,
0.732328,0.393857,0.257410,0.269260,0.214097,0.437094,0.198881,0.261376,0.519383,0.574820,0.363997,0.432524,0.225285,0.440825,0.361611,0.417912,0.374287,0.167659,0.499032,0.286631,0.303277,0.231594,0.372562,0.477188,0.429687,0.503732,0.348535,0.366459,0.261319,0.409780,0.511447,0.420758,0.468781,0.211532,0.162831,0.290563,0.375966,0.536603,0.206172,0.451975,0.607143,0.273609,0.345198,0.591207,0.342831,0.347180,0.346786,0.260893,0.433621,0.383458,0.211685,0.000000,
0.732328,0.393857,0.257410,0.269260,0.214097,0.437094,0.198881,0.261376,0.221248,0.574820,0.363997,0.432524,0.225518,0.442136,0.361611,0.417912,0.374287,0.167659,0.499032,0.286631,0.303277,0.231594,0.049972,0.477188,0.429687,0.503732,0.348535,0.367071,0.261319,0.409780,0.511447,0.445480,0.468781,0.211532,0.162831,0.290563,0.375966,0.536603,0.206172,0.451975,0.607143,0.273609,0.345198,0.586824,0.342831,0.347180,0.346786,0.260893,0.433621,0.383458,0.211685,0.000000,
0.732328,0.393857,0.257410,0.269260,0.214097,0.437094,0.198881,0.261376,0.783401,0.574820,0.363997,0.432524,0.227271,0.445450,0.361611,0.417912,0.374287,0.167659,0.499032,0.286631,0.303277,0.231594,0.401461,0.477188,0.429687,0.503732,0.348535,0.367071,0.261319,0.409780,0.511447,0.445480,0.468781,0.211532,0.162831,0.290563,0.375966,0.536603,0.206172,0.451975,0.607143,0.273609,0.345198,0.592715,0.342831,0.347180,0.346786,0.260893,0.433621,0.383458,0.211685,0.000000,
0.732328,0.393857,0.257410,0.269260,0.214097,0.437094,0.198881,0.261376,0.509156,0.574820,0.363997,0.432524,0.433526,0.566800,0.361611,0.417912,0.374287,0.167659,0.499032,0.286631,0.303277,0.231594,0.409525,0.477188,0.429687,0.503732,0.348535,0.367071,0.261319,0.409780,0.511447,0.445480,0.468781,0.211532,0.162831,0.290563,0.375966,0.536603,0.206172,0.451975,0.607143,0.273609,0.345198,0.599000,0.342831,0.347180,0.346786,0.260893,0.433621,0.383458,0.211685,0.000000,
0.732328,0.393857,0.257410,0.269260,0.214097,0.437094,0.198881,0.261376,0.505636,0.574820,0.363997,0.432524,0.324014,0.566885,0.361611,0.417912,0.374287,0.167659,0.499032,0.286631,0.303277,0.231594,0.146193,0.477188,0.429687,0.503732,0.348535,0.367071,0.261319,0.409780,0.511447,0.445480,0.468781,0.211532,0.162831,0.290563,0.375966,0.536603,0.206172,0.451975,0.607143,0.273609,0.345198,0.279014,0.342831,0.347180,0.346786,0.260893,0.433621,0.383458,0.211685,0.000000,
0.732328,0.393857,0.257410,0.269260,0.214097,0.437094,0.198881,0.261376,0.489859,0.574820,0.363997,0.432524,0.524821,0.166548,0.361611,0.417912,0.374287,0.167659,0.499032,0.286631,0.303277,0.231594,0.643564,0.477188,0.429687,0.503732,0.348535,0.367071,0.261319,0.409780,0.511447,0.445480,0.468781,0.211532,0.162831,0.290563,0.375521,0.536603,0.206172,0.451975,0.607143,0.273609,0.345198,0.484793,0.342831,0.347180,0.346786,0.260893,0.433621,0.383458,0.211685,0.000000,
0.732328,0.393857,0.257410,0.269260,0.214097,0.437094,0.198881,0.261376,0.058507,0.574820,0.363997,0.432524,0.536954,0.376638,0.361611,0.417912,0.374287,0.167659,0.499032,0.286631,0.303277,0.231594,0.480423,0.477188,0.429687,0.503732,0.348535,0.367071,0.261319,0.409780,0.511447,0.445480,0.468781,0.211532,0.162831,0.290563,0.375521,0.536603,0.206172,0.451975,0.607143,0.273609,0.345198,0.598979,0.342831,0.347180,0.346786,0.260893,0.433621,0.383458,0.211685,0.000000,
0.732328,0.274235,0.257410,0.269260,0.214097,0.437094,0.198881,0.261376,0.511959,0.574820,0.363997,0.432524,0.274784,0.351587,0.361611,0.417912,0.374287,0.167659,0.499032,0.286631,0.303277,0.231594,0.454660,0.477188,0.429687,0.503732,0.348535,0.367071,0.261319,0.409780,0.511447,0.445480,0.468781,0.211532,0.162831,0.290563,0.359441,0.536603,0.206172,0.451975,0.607143,0.273609,0.345198,0.598258,0.342831,0.347180,0.346786,0.260893,0.433621,0.383458,0.211685,0.000000,
0.732328,0.274235,0.257410,0.269260,0.214097,0.437094,0.198881,0.261376,0.511959,0.574820,0.363997,0.432524,0.523620,0.373493,0.361611,0.417912,0.374287,0.167659,0.499032,0.286631,0.303277,0.231594,0.242482,0.477188,0.429687,0.503732,0.348535,0.045846,0.261319,0.409780,0.511447,0.445480,0.468781,0.211532,0.162831,0.290563,0.359441,0.536603,0.206172,0.451975,0.607143,0.273609,0.345198,0.598258,0.342831,0.347180,0.346786,0.260893,0.433621,0.383458,0.211685,0.000000,
0.732328,0.274235,0.257410,0.269260,0.214097,0.437094,0.198881,0.261376,0.941341,0.574820,0.363997,0.432524,0.521525,0.355155,0.361611,0.417923,0.374287,0.167659,0.499032,0.286631,0.303277,0.231594,0.392437,0.477188,0.429687,0.503732,0.369776,0.045846,0.261319,0.409780,0.511447,0.445480,0.468781,0.211532,0.162831,0.290563,0.359441,0.536603,0.206172,0.451975,0.607143,0.273609,0.345198,0.587656,0.342831,0.392707,0.346786,0.260893,0.433621,0.383458,0.211685,0.000000,
