0.350888,0.332388,0.128705,0.134630,0.185019,0.218547,0.099440,0.217519,0.440880,0.295501,0.181998,0.216262,0.302536,0.299784,0.180805,0.216199,0.187144,0.083830,0.249516,0.143315,0.151639,0.115797,0.372921,0.238594,0.225674,0.251866,0.197202,0.346278,0.217519,0.204890,0.269540,0.258861,0.234391,0.105766,0.081416,0.145282,0.249857,0.268302,0.103086,0.262705,0.303571,0.136804,0.172599,0.302101,0.171415,0.401111,0.285843,0.243575,0.216810,0.191729,0.105843,0.000000,
0.526333,0.498582,0.193057,0.201945,0.277529,0.327821,0.149161,0.326279,0.661320,0.443251,0.272998,0.324393,0.453804,0.449676,0.271208,0.324299,0.280715,0.125745,0.374274,0.214973,0.227458,0.173695,0.559381,0.357891,0.338512,0.377799,0.295803,0.519417,0.326279,0.307335,0.404310,0.388291,0.351586,0.158649,0.122124,0.217922,0.374785,0.402453,0.154629,0.394057,0.455357,0.205207,0.258899,0.453151,0.257123,0.601667,0.428765,0.365362,0.325216,0.287593,0.158764,0.000000,
0.601310,0.581679,0.225234,0.235603,0.323783,0.382457,0.174021,0.380659,0.655673,0.517127,0.318497,0.378459,0.529438,0.524622,0.316409,0.378349,0.327501,0.146702,0.436653,0.250802,0.265368,0.202645,0.652611,0.417539,0.394930,0.440766,0.345104,0.543970,0.380659,0.358558,0.471695,0.453006,0.410184,0.185090,0.142478,0.254243,0.437250,0.469528,0.180400,0.459733,0.531250,0.239408,0.302049,0.528676,0.299977,0.671956,0.500226,0.426255,0.379418,0.335526,0.185225,0.000000,
0.650925,0.568702,0.241322,0.252431,0.346911,0.409776,0.186451,0.407848,0.418618,0.550754,0.341247,0.405492,0.574851,0.562095,0.339010,0.405374,0.350894,0.157181,0.467843,0.268716,0.284322,0.217119,0.699227,0.447363,0.423139,0.472249,0.369754,0.485164,0.407848,0.384169,0.505387,0.485364,0.439482,0.198311,0.152655,0.272403,0.471860,0.503066,0.193286,0.492571,0.569196,0.256508,0.323623,0.566439,0.321404,0.738366,0.380947,0.456702,0.406519,0.359492,0.198455,0.000000,
0.714165,0.622911,0.249366,0.260846,0.358370,0.423435,0.192666,0.419477,0.650189,0.569044,0.352622,0.419008,0.542996,0.580832,0.350310,0.423202,0.362591,0.162420,0.483437,0.277673,0.293800,0.224357,0.722534,0.462276,0.437244,0.487991,0.382079,0.586319,0.449799,0.396975,0.522233,0.452247,0.454132,0.204921,0.157743,0.281483,0.482852,0.519835,0.199729,0.611747,0.588169,0.265058,0.334411,0.585286,0.332118,0.803161,0.476317,0.471926,0.420070,0.371475,0.205070,0.000000,
0.669453,0.508384,0.253388,0.265053,0.285912,0.430264,0.195773,0.311862,0.579484,0.577100,0.358309,0.425766,0.578921,0.586927,0.355961,0.432116,0.368439,0.165040,0.491235,0.282152,0.298538,0.227975,0.734188,0.469732,0.449364,0.495862,0.453621,0.616880,0.440482,0.403377,0.531213,0.435688,0.461456,0.208227,0.160287,0.286023,0.486854,0.528219,0.202950,0.506166,0.597656,0.269334,0.339805,0.595145,0.337474,0.835559,0.524002,0.479537,0.426845,0.377466,0.208378,0.000000,
0.635686,0.450161,0.255399,0.267156,0.235444,0.433679,0.197327,0.258055,0.351085,0.580269,0.361153,0.429145,0.544776,0.579601,0.358786,0.432349,0.371363,0.166350,0.495133,0.284391,0.300908,0.229785,0.740015,0.473460,0.428899,0.499797,0.323695,0.420896,0.350900,0.406579,0.535703,0.427408,0.465119,0.209879,0.161559,0.288293,0.431803,0.532411,0.204561,0.453376,0.602399,0.271471,0.342501,0.436242,0.340153,0.823860,0.392835,0.483343,0.430233,0.380462,0.210032,0.000000,
0.704588,0.421050,0.256404,0.268208,0.302647,0.435387,0.198104,0.259687,0.499832,0.581853,0.362575,0.430835,0.522516,0.594623,0.360198,0.427389,0.372825,0.167005,0.497083,0.285511,0.302093,0.230689,0.682537,0.475324,0.445191,0.501765,0.485344,0.322905,0.306138,0.408180,0.537948,0.423269,0.466950,0.210705,0.162195,0.289428,0.462303,0.534507,0.205366,0.426981,0.604771,0.272540,0.343850,0.358096,0.341492,0.801395,0.327252,0.485246,0.431927,0.381960,0.210858,0.000000,
0.638777,0.406494,0.256907,0.268734,0.243812,0.436240,0.198492,0.260503,0.454286,0.582645,0.363286,0.431680,0.516574,0.535433,0.360904,0.427169,0.373556,0.167332,0.498057,0.286071,0.302685,0.231142,0.476486,0.476256,0.426813,0.502749,0.525867,0.290077,0.283757,0.408980,0.539071,0.421199,0.467866,0.211119,0.162513,0.289996,0.469498,0.535555,0.205769,0.413783,0.605957,0.273074,0.344524,0.481593,0.342161,0.790163,0.294461,0.486198,0.432774,0.382709,0.211272,0.000000,
0.613336,0.399216,0.257159,0.268997,0.214024,0.436667,0.198687,0.260911,0.640464,0.583041,0.363641,0.432102,0.565709,0.540624,0.361258,0.422754,0.373922,0.167496,0.498545,0.286351,0.302981,0.231368,0.611164,0.476722,0.417623,0.503240,0.447821,0.257495,0.272538,0.409380,0.531862,0.420164,0.468323,0.211325,0.162672,0.290279,0.480859,0.536079,0.205970,0.407184,0.606550,0.273342,0.344861,0.543379,0.342496,0.801197,0.320624,0.486673,0.433197,0.383083,0.211479,0.000000,
0.561156,0.396536,0.257284,0.269129,0.291937,0.436881,0.198784,0.261115,0.425392,0.583239,0.363819,0.432313,0.590277,0.520765,0.361434,0.420546,0.374104,0.167578,0.498788,0.286491,0.303129,0.231481,0.678503,0.476955,0.413029,0.503486,0.408798,0.298267,0.266928,0.409580,0.528257,0.419646,0.468552,0.211428,0.162752,0.290421,0.475307,0.536341,0.206071,0.403885,0.606846,0.273475,0.345030,0.574272,0.342664,0.790064,0.291146,0.486911,0.433409,0.383271,0.211582,0.000000,
0.583568,0.534592,0.257347,0.269194,0.330893,0.436987,0.198832,0.261217,0.372598,0.583338,0.363908,0.432419,0.602561,0.527270,0.361522,0.419442,0.374196,0.167619,0.498910,0.286561,0.303203,0.231537,0.712172,0.477071,0.410731,0.503609,0.389287,0.261590,0.264152,0.409680,0.526455,0.419388,0.468667,0.211480,0.162792,0.290492,0.416970,0.536472,0.206121,0.402235,0.606994,0.273542,0.345114,0.589719,0.342747,0.784497,0.276408,0.487030,0.433515,0.383364,0.211634,0.000000,
0.583191,0.464224,0.257379,0.269227,0.257564,0.437041,0.198857,0.261268,0.390281,0.579079,0.363952,0.432472,0.607988,0.507158,0.361567,0.418890,0.374241,0.167639,0.498971,0.286596,0.303240,0.231566,0.729007,0.477129,0.409583,0.503671,0.379531,0.243252,0.262735,0.409730,0.525554,0.419258,0.468724,0.211506,0.162812,0.290528,0.443362,0.536538,0.206147,0.401410,0.607068,0.273575,0.345156,0.597442,0.342789,0.781714,0.269038,0.487090,0.433568,0.383411,0.211660,0.000000,
0.583246,0.429040,0.257394,0.269244,0.220900,0.437067,0.198869,0.261293,0.623310,0.581258,0.363975,0.432498,0.591199,0.493320,0.361589,0.418614,0.374264,0.167649,0.499002,0.286613,0.303259,0.231580,0.578299,0.477159,0.409008,0.503702,0.374654,0.234082,0.262027,0.409755,0.524413,0.419194,0.468753,0.211519,0.162822,0.290545,0.408086,0.536571,0.206159,0.400998,0.607106,0.273592,0.345177,0.602493,0.342810,0.780322,0.265354,0.487119,0.433594,0.383435,0.211672,0.000000,
0.649448,0.411449,0.257402,0.269252,0.295375,0.437081,0.198875,0.261306,0.634548,0.582348,0.363986,0.432511,0.600999,0.475621,0.361600,0.418476,0.374276,0.167654,0.499017,0.286622,0.303268,0.231587,0.662070,0.477173,0.408721,0.503717,0.372215,0.229498,0.261673,0.409768,0.611776,0.419161,0.468767,0.211525,0.162827,0.290554,0.393196,0.536587,0.206165,0.400792,0.607124,0.273600,0.345188,0.603830,0.342821,0.596851,0.263511,0.372946,0.433608,0.383446,0.211679,0.000000,
0.636923,0.402653,0.257406,0.269256,0.332612,0.437087,0.198878,0.261312,0.755834,0.582892,0.363991,0.432518,0.605899,0.471417,0.361605,0.418407,0.374281,0.167657,0.499024,0.286626,0.303273,0.231590,0.703956,0.477180,0.408578,0.503725,0.370995,0.227205,0.261496,0.409774,0.564161,0.419145,0.468774,0.211529,0.162829,0.290559,0.435961,0.536595,0.206169,0.400689,0.607133,0.273605,0.345193,0.606398,0.342826,0.687891,0.262590,0.315832,0.433614,0.383452,0.211682,0.000000,
0.639731,0.398255,0.257408,0.269258,0.258424,0.437091,0.198879,0.261315,0.468353,0.583165,0.363994,0.432521,0.608349,0.476580,0.361608,0.418373,0.374284,0.167658,0.499028,0.286628,0.303275,0.231592,0.724899,0.477184,0.408506,0.503729,0.370385,0.226059,0.261407,0.409777,0.541969,0.419137,0.468778,0.211530,0.162830,0.290561,0.405408,0.536599,0.206170,0.400637,0.607138,0.273607,0.345196,0.607409,0.342828,0.733411,0.262130,0.287275,0.433617,0.383455,0.211684,0.000000,
0.655020,0.396056,0.257409,0.269259,0.221330,0.437092,0.198880,0.261317,0.460782,0.583301,0.363995,0.432523,0.597285,0.472506,0.361609,0.418356,0.374286,0.167659,0.499030,0.286630,0.303276,0.231593,0.617775,0.477186,0.416016,0.503731,0.359460,0.225486,0.261363,0.409779,0.525121,0.419133,0.468779,0.211531,0.162831,0.290562,0.418688,0.536601,0.206171,0.400611,0.607140,0.273608,0.345197,0.607983,0.342830,0.756171,0.261899,0.272997,0.433619,0.383456,0.211685,0.000000,
0.621550,0.394956,0.257409,0.269260,0.202783,0.437093,0.198880,0.261318,0.553655,0.582603,0.363996,0.432524,0.607484,0.507081,0.361610,0.418347,0.374286,0.167659,0.499031,0.286630,0.303277,0.231593,0.562880,0.477187,0.419772,0.503731,0.364618,0.225199,0.261341,0.409779,0.489020,0.419131,0.468780,0.211531,0.162831,0.290563,0.448593,0.536602,0.206171,0.400598,0.607141,0.273608,0.345198,0.605606,0.342830,0.767550,0.261784,0.265885,0.433620,0.383457,0.211685,0.000000,
0.562903,0.394406,0.257410,0.269260,0.208194,0.437094,0.198881,0.261318,0.627064,0.582255,0.363996,0.432524,0.599225,0.524369,0.361610,0.418343,0.374287,0.167659,0.499032,0.286630,0.303277,0.231594,0.406651,0.477187,0.421649,0.503732,0.367197,0.225056,0.261330,0.409780,0.497777,0.419130,0.468781,0.211532,0.162831,0.290563,0.403603,0.536603,0.206172,0.400592,0.607142,0.273609,0.345198,0.604417,0.342831,0.773240,0.261727,0.262329,0.433620,0.383458,0.211685,0.000000,
0.511937,0.394132,0.257410,0.269260,0.196215,0.437094,0.198881,0.261318,0.610127,0.582080,0.363997,0.432524,0.593199,0.382891,0.361611,0.418340,0.374287,0.167659,0.499032,0.286631,0.303277,0.231594,0.576246,0.477187,0.422588,0.503732,0.368486,0.282975,0.261324,0.409780,0.508474,0.419129,0.468781,0.211532,0.162831,0.290563,0.447000,0.536603,0.206172,0.400589,0.607142,0.273609,0.345198,0.603823,0.342831,0.776085,0.261698,0.260524,0.433621,0.383458,0.211685,0.000000,
0.555233,0.393994,0.257410,0.269260,0.190225,0.437094,0.198881,0.261318,0.570811,0.581993,0.363997,0.432524,0.604539,0.430271,0.361611,0.418339,0.374287,0.167659,0.499032,0.286631,0.303277,0.231594,0.661044,0.477188,0.423058,0.503732,0.369131,0.240389,0.261321,0.409780,0.504134,0.419129,0.468781,0.211532,0.162831,0.290563,0.414447,0.536603,0.206172,0.400587,0.607142,0.273609,0.345198,0.603125,0.342831,0.777508,0.261683,0.259648,0.433621,0.383458,0.211685,0.000000,
0.670502,0.393925,0.257410,0.269260,0.201915,0.437094,0.198881,0.261318,0.641532,0.581949,0.363997,0.432524,0.609966,0.453631,0.361611,0.418339,0.374287,0.167659,0.499032,0.286631,0.303277,0.231594,0.703443,0.477188,0.423292,0.503732,0.369453,0.232651,0.261320,0.409780,0.480237,0.419129,0.468781,0.211532,0.162831,0.290563,0.398170,0.536603,0.206172,0.400586,0.607143,0.273609,0.345198,0.603472,0.342831,0.778219,0.261676,0.259211,0.433621,0.383458,0.211685,0.000000,
0.658247,0.393891,0.257410,0.269260,0.193446,0.437094,0.198881,0.261319,0.642960,0.581928,0.363997,0.432524,0.596739,0.465642,0.361611,0.418339,0.374287,0.167659,0.499032,0.286631,0.303277,0.231594,0.724642,0.477188,0.423410,0.503732,0.369615,0.228782,0.261319,0.409780,0.469506,0.419129,0.468781,0.211532,0.162831,0.290563,0.378441,0.536603,0.206172,0.400586,0.607143,0.273609,0.345198,0.603646,0.342831,0.778575,0.261673,0.258992,0.433621,0.383458,0.211685,0.000000,
0.644293,0.393874,0.257410,0.269260,0.281648,0.437094,0.198881,0.261319,0.407864,0.581917,0.363997,0.432524,0.591896,0.466863,0.361611,0.418338,0.374287,0.167659,0.499032,0.286631,0.303277,0.231594,0.622075,0.477188,0.423468,0.503732,0.369695,0.213293,0.261319,0.409780,0.459177,0.419129,0.468781,0.211532,0.162831,0.290563,0.380167,0.536603,0.206172,0.400586,0.607143,0.273609,0.345198,0.603732,0.342831,0.778753,0.261671,0.258882,0.433621,0.383458,0.211685,0.000000,
0.656636,0.393865,0.257410,0.269260,0.325748,0.437094,0.198881,0.261319,0.600711,0.581911,0.363997,0.432524,0.547212,0.472257,0.361611,0.418338,0.374287,0.167659,0.499032,0.286631,0.303277,0.231594,0.386408,0.477188,0.423498,0.503732,0.369735,0.277093,0.261319,0.409780,0.486366,0.419129,0.468781,0.211532,0.162831,0.290563,0.381030,0.536603,0.206172,0.400586,0.607143,0.273609,0.345198,0.443683,0.342831,0.778842,0.261670,0.258828,0.433621,0.383458,0.211685,0.000000,
0.663859,0.393861,0.257410,0.269260,0.269676,0.437094,0.198881,0.261319,0.622668,0.581908,0.363997,0.432524,0.524870,0.474955,0.361611,0.418338,0.374287,0.167659,0.499032,0.286631,0.303277,0.231594,0.566125,0.477188,0.423512,0.503732,0.369756,0.308994,0.261319,0.409780,0.494490,0.419129,0.468781,0.211532,0.162831,0.290563,0.382882,0.536603,0.206172,0.400586,0.607143,0.273609,0.345198,0.363180,0.342831,0.778886,0.261669,0.258800,0.433621,0.383458,0.211685,0.000000,
0.612490,0.393859,0.257410,0.269260,0.241640,0.437094,0.198881,0.261319,0.555451,0.581907,0.363997,0.432524,0.557085,0.471022,0.361611,0.418338,0.374287,0.167659,0.499032,0.286631,0.303277,0.231594,0.655983,0.477188,0.423520,0.503732,0.369766,0.324944,0.261319,0.409780,0.490945,0.419129,0.468781,0.211532,0.162831,0.290563,0.431154,0.536603,0.206172,0.400586,0.607143,0.273609,0.345198,0.483499,0.342831,0.778908,0.261669,0.258787,0.433621,0.383458,0.211685,0.000000,
0.601290,0.393858,0.257410,0.269260,0.227623,0.437094,0.198881,0.261319,0.689815,0.581906,0.363997,0.432524,0.584438,0.469055,0.361611,0.418338,0.374287,0.167659,0.499032,0.286631,0.303277,0.231594,0.700912,0.477188,0.423523,0.503732,0.369771,0.332919,0.261319,0.409780,0.499501,0.419129,0.468781,0.211532,0.162831,0.290563,0.408048,0.536603,0.206172,0.400586,0.607143,0.273609,0.345198,0.383566,0.342831,0.778919,0.261669,0.258780,0.433621,0.383458,0.211685,0.000000,
0.608541,0.393857,0.257410,0.269260,0.220614,0.437094,0.198881,0.261319,0.430997,0.581906,0.363997,0.432524,0.575831,0.468696,0.361611,0.418338,0.374287,0.167659,0.499032,0.286631,0.303277,0.231594,0.723377,0.477188,0.423525,0.503732,0.369773,0.336906,0.261319,0.409780,0.503295,0.419129,0.468781,0.211532,0.162831,0.290563,0.395019,0.536603,0.206172,0.400586,0.607143,0.273609,0.345198,0.327499,0.342831,0.778925,0.261669,0.258776,0.433621,0.383458,0.211685,0.000000,
0.664440,0.393857,0.257410,0.269260,0.217109,0.437094,0.198881,0.261319,0.569192,0.581906,0.363997,0.432524,0.539179,0.468603,0.361611,0.418338,0.374287,0.167659,0.499032,0.286631,0.303277,0.231594,0.734609,0.477188,0.423526,0.503732,0.369774,0.338900,0.261319,0.409780,0.508425,0.419129,0.468781,0.211532,0.162831,0.290563,0.388505,0.536603,0.206172,0.400586,0.607143,0.273609,0.345198,0.299466,0.342831,0.778928,0.261669,0.258775,0.433621,0.383458,0.211685,0.000000,
0.629852,0.393857,0.257410,0.269260,0.215357,0.437094,0.198881,0.261319,0.488361,0.581906,0.363997,0.432524,0.575486,0.447448,0.361611,0.418338,0.374287,0.167659,0.499032,0.286631,0.303277,0.231594,0.686082,0.477188,0.423527,0.503732,0.369775,0.339897,0.261319,0.409780,0.495219,0.419129,0.468781,0.211532,0.162831,0.290563,0.375409,0.536603,0.206172,0.400586,0.607143,0.273609,0.345198,0.452524,0.342831,0.778929,0.261669,0.258774,0.433621,0.383458,0.211685,0.000000,
0.599299,0.393857,0.257410,0.269260,0.214481,0.437094,0.198881,0.261319,0.330858,0.581906,0.363997,0.432524,0.593639,0.457268,0.361611,0.418338,0.374287,0.167659,0.499032,0.286631,0.303277,0.231594,0.430388,0.477188,0.423527,0.503732,0.369775,0.340395,0.261319,0.409780,0.471284,0.419129,0.468781,0.211532,0.162831,0.290563,0.380021,0.536603,0.206172,0.400586,0.607143,0.273609,0.345198,0.530608,0.342831,0.778930,0.261669,0.258773,0.433621,0.383458,0.211685,0.000000,
0.593904,0.393857,0.257410,0.269260,0.214043,0.437094,0.198881,0.261319,0.487664,0.581906,0.363997,0.432524,0.605049,0.349986,0.361611,0.418338,0.374287,0.167659,0.499032,0.286631,0.303277,0.231594,0.588115,0.477188,0.423527,0.503732,0.369776,0.339718,0.261319,0.409780,0.458834,0.419129,0.468781,0.211532,0.162831,0.290563,0.369780,0.536603,0.206172,0.400586,0.607143,0.273609,0.345198,0.569650,0.342831,0.778930,0.261669,0.258773,0.433621,0.383458,0.211685,0.000000,
0.568982,0.393857,0.257410,0.269260,0.213824,0.437094,0.198881,0.261319,0.495058,0.581906,0.363997,0.432524,0.608420,0.408537,0.361611,0.418338,0.374287,0.167659,0.499032,0.286631,0.303277,0.231594,0.666978,0.477188,0.423527,0.503732,0.369776,0.515296,0.261319,0.409780,0.483356,0.419129,0.468781,0.211532,0.162831,0.290563,0.366046,0.536603,0.206172,0.400586,0.607143,0.273609,0.345198,0.424084,0.342831,0.778930,0.261669,0.258773,0.433621,0.383458,0.211685,0.000000,
0.487460,0.393857,0.257410,0.269260,0.213714,0.437094,0.198881,0.261319,0.671325,0.581906,0.363997,0.432524,0.596684,0.325620,0.361611,0.418338,0.374287,0.167659,0.499032,0.286631,0.303277,0.231594,0.706410,0.477188,0.423527,0.503732,0.369776,0.603085,0.261319,0.409780,0.503281,0.419129,0.468781,0.211532,0.162831,0.290563,0.373101,0.536603,0.206172,0.400586,0.607143,0.273609,0.345198,0.514638,0.342831,0.778930,0.261669,0.258773,0.433621,0.383458,0.211685,0.000000,
0.446699,0.393857,0.257410,0.269260,0.213659,0.437094,0.198881,0.261319,0.689744,0.581906,0.363997,0.432524,0.549606,0.403273,0.361611,0.418338,0.374287,0.167659,0.499032,0.286631,0.303277,0.231594,0.726126,0.477188,0.423527,0.503732,0.369776,0.646980,0.261319,0.409780,0.501927,0.419129,0.468781,0.211532,0.162831,0.290563,0.367707,0.536603,0.206172,0.400586,0.607143,0.273609,0.345198,0.561665,0.342831,0.778930,0.261669,0.258773,0.433621,0.383458,0.211685,0.000000,
0.524411,0.393857,0.257410,0.269260,0.213632,0.437094,0.198881,0.261319,0.780135,0.581906,0.363997,0.432524,0.583027,0.442099,0.361611,0.418338,0.374287,0.167659,0.499032,0.286631,0.303277,0.231594,0.575258,0.477188,0.423527,0.503732,0.369776,0.507171,0.261319,0.409780,0.504644,0.419129,0.468781,0.211532,0.162831,0.290563,0.365010,0.536603,0.206172,0.400586,0.607143,0.273609,0.345198,0.585179,0.342831,0.778930,0.261669,0.258773,0.433621,0.383458,0.211685,0.000000,
0.602900,0.393857,0.257410,0.269260,0.213618,0.437094,0.198881,0.261319,0.784388,0.581906,0.363997,0.432524,0.599633,0.454993,0.361611,0.418338,0.374287,0.167659,0.499032,0.286631,0.303277,0.231594,0.660550,0.477188,0.423527,0.503732,0.369776,0.437267,0.261319,0.409780,0.498540,0.419129,0.468781,0.211532,0.162831,0.290563,0.363661,0.536603,0.206172,0.400586,0.607143,0.273609,0.345198,0.594559,0.342831,0.778930,0.261669,0.258773,0.433621,0.383458,0.211685,0.000000,
0.595399,0.393857,0.257410,0.269260,0.213611,0.437094,0.198881,0.261319,0.543615,0.581906,0.363997,0.432524,0.550033,0.461441,0.361611,0.418338,0.374287,0.167659,0.499032,0.286631,0.303277,0.231594,0.703196,0.477188,0.423527,0.503732,0.369776,0.402314,0.261319,0.409780,0.503251,0.419129,0.468781,0.211532,0.162831,0.290563,0.371908,0.536603,0.206172,0.400586,0.607143,0.273609,0.345198,0.436538,0.342831,0.778930,0.261669,0.258773,0.433621,0.383458,0.211685,0.000000,
0.633974,0.393857,0.257410,0.269260,0.213608,0.437094,0.198881,0.261319,0.594461,0.581906,0.363997,0.432524,0.569667,0.465473,0.361611,0.418338,0.374287,0.167659,0.499032,0.286631,0.303277,0.231594,0.724519,0.477188,0.423527,0.503732,0.369776,0.384838,0.261319,0.409780,0.504732,0.419129,0.468781,0.211532,0.162831,0.290563,0.377258,0.536603,0.206172,0.400586,0.607143,0.273609,0.345198,0.519883,0.342831,0.778930,0.261669,0.258773,0.433621,0.383458,0.211685,0.000000,
0.614468,0.393857,0.257410,0.269260,0.213606,0.437094,0.198881,0.261319,0.500739,0.581906,0.363997,0.432524,0.533423,0.466991,0.361611,0.418338,0.374287,0.167659,0.499032,0.286631,0.303277,0.231594,0.619299,0.477188,0.423527,0.503732,0.369776,0.376100,0.261319,0.409780,0.499994,0.419129,0.468781,0.211532,0.162831,0.290563,0.380996,0.536603,0.206172,0.400586,0.607143,0.273609,0.345198,0.399200,0.342831,0.778930,0.261669,0.258773,0.433621,0.383458,0.211685,0.000000,
0.604466,0.393857,0.257410,0.269260,0.213605,0.437094,0.198881,0.261319,0.687962,0.581906,0.363997,0.432524,0.517989,0.468182,0.361611,0.418338,0.374287,0.167659,0.499032,0.286631,0.303277,0.231594,0.622689,0.477188,0.423527,0.503732,0.369776,0.371731,0.261319,0.409780,0.502878,0.419129,0.468781,0.211532,0.162831,0.290563,0.370628,0.536603,0.206172,0.400586,0.607143,0.273609,0.345198,0.501510,0.342831,0.778930,0.261669,0.258773,0.433621,0.383458,0.211685,0.000000,
0.605113,0.393857,0.257410,0.269260,0.213605,0.437094,0.198881,0.261319,0.770516,0.581906,0.363997,0.432524,0.507585,0.468346,0.361611,0.418338,0.374287,0.167659,0.499032,0.286631,0.303277,0.231594,0.373134,0.477188,0.423527,0.503732,0.369776,0.369547,0.261319,0.409780,0.506476,0.419129,0.468781,0.211532,0.162831,0.290563,0.373135,0.536603,0.206172,0.400586,0.607143,0.273609,0.345198,0.390013,0.342831,0.778930,0.261669,0.258773,0.433621,0.383458,0.211685,0.000000,
0.675477,0.393857,0.257410,0.269260,0.213605,0.437094,0.198881,0.261319,0.785970,0.581906,0.363997,0.432524,0.548442,0.470631,0.361611,0.418338,0.374287,0.167659,0.499032,0.286631,0.303277,0.231594,0.559488,0.477188,0.423527,0.503732,0.369776,0.355203,0.261319,0.409780,0.492951,0.419129,0.468781,0.211532,0.162831,0.290563,0.366697,0.536603,0.206172,0.400586,0.607143,0.273609,0.345198,0.334265,0.342831,0.778930,0.261669,0.258773,0.433621,0.383458,0.211685,0.000000,
0.673313,0.393857,0.257410,0.269260,0.213605,0.437094,0.198881,0.261319,0.618702,0.581906,0.363997,0.432524,0.560849,0.469358,0.361611,0.418338,0.374287,0.167659,0.499032,0.286631,0.303277,0.231594,0.652665,0.477188,0.423527,0.503732,0.369776,0.360831,0.261319,0.409780,0.499880,0.419129,0.468781,0.211532,0.162831,0.290563,0.375665,0.536603,0.206172,0.400586,0.607143,0.273609,0.345198,0.471107,0.342831,0.778930,0.261669,0.258773,0.433621,0.383458,0.211685,0.000000,
0.591129,0.393857,0.257410,0.269260,0.213605,0.437094,0.198881,0.261319,0.582207,0.581906,0.363997,0.432524,0.567052,0.468721,0.361611,0.418338,0.374287,0.167659,0.499032,0.286631,0.303277,0.231594,0.699253,0.477188,0.423527,0.503732,0.369776,0.364097,0.261319,0.409780,0.471582,0.419129,0.468781,0.211532,0.162831,0.290563,0.375654,0.536603,0.206172,0.400586,0.607143,0.273609,0.345198,0.537720,0.342831,0.778930,0.261669,0.258773,0.433621,0.383458,0.211685,0.000000,
0.619863,0.393857,0.257410,0.269260,0.213605,0.437094,0.198881,0.261319,0.596015,0.581906,0.363997,0.432524,0.572482,0.468403,0.361611,0.418338,0.374287,0.167659,0.499032,0.286631,0.303277,0.231594,0.722547,0.477188,0.423527,0.503732,0.369776,0.365729,0.261319,0.409780,0.483979,0.419129,0.468781,0.211532,0.162831,0.290563,0.426865,0.536603,0.206172,0.400586,0.607143,0.273609,0.345198,0.404575,0.342831,0.778930,0.261669,0.258773,0.433621,0.383458,0.211685,0.000000,
0.608826,0.393857,0.257410,0.269260,0.213605,0.437094,0.198881,0.261319,0.619808,0.581906,0.363997,0.432524,0.538264,0.468244,0.361611,0.418338,0.374287,0.167659,0.499032,0.286631,0.303277,0.231594,0.734195,0.477188,0.423527,0.503732,0.369776,0.366546,0.261319,0.409780,0.494917,0.419129,0.468781,0.211532,0.162831,0.290563,0.405749,0.536603,0.206172,0.400586,0.607143,0.273609,0.345198,0.503902,0.342831,0.778930,0.261669,0.258773,0.433621,0.383458,0.211685,0.000000,
0.598920,0.393857,0.257410,0.269260,0.213605,0.437094,0.198881,0.261319,0.513388,0.581906,0.363997,0.432524,0.563782,0.470598,0.361611,0.418338,0.374287,0.167659,0.499032,0.286631,0.303277,0.231594,0.740018,0.477188,0.423527,0.503732,0.369776,0.366954,0.261319,0.409780,0.458842,0.419129,0.468781,0.211532,0.162831,0.290563,0.395191,0.536603,0.206172,0.400586,0.607143,0.273609,0.345198,0.525416,0.342831,0.778930,0.261669,0.258773,0.433621,0.383458,0.211685,0.000000,
0.553678,0.393857,0.257410,0.269260,0.213605,0.437094,0.198881,0.261319,0.513027,0.581906,0.363997,0.432524,0.568518,0.469341,0.361611,0.418338,0.374287,0.167659,0.499032,0.286631,0.303277,0.231594,0.701839,0.477188,0.423527,0.503732,0.369776,0.367158,0.261319,0.409780,0.483091,0.419129,0.468781,0.211532,0.162831,0.290563,0.389912,0.536603,0.206172,0.400586,0.607143,0.273609,0.345198,0.563922,0.342831,0.778930,0.261669,0.258773,0.433621,0.383458,0.211685,0.000000,
0.596296,0.393857,0.257410,0.269260,0.213605,0.437094,0.198881,0.261319,0.659003,0.581906,0.363997,0.432524,0.570887,0.468713,0.361611,0.418338,0.374287,0.167659,0.499032,0.286631,0.303277,0.231594,0.525711,0.477188,0.423527,0.503732,0.369776,0.367260,0.261319,0.409780,0.492677,0.419129,0.468781,0.211532,0.162831,0.290563,0.387273,0.536603,0.206172,0.400586,0.607143,0.273609,0.345198,0.421220,0.342831,0.778930,0.261669,0.258773,0.433621,0.383458,0.211685,0.000000,
0.617708,0.393857,0.257410,0.269260,0.213605,0.437094,0.198881,0.261319,0.608256,0.581906,0.363997,0.432524,0.575397,0.468399,0.361611,0.418338,0.374287,0.167659,0.499032,0.286631,0.303277,0.231594,0.476987,0.477188,0.423527,0.503732,0.369776,0.367311,0.261319,0.409780,0.485832,0.419129,0.468781,0.211532,0.162831,0.290563,0.373766,0.536603,0.206172,0.400586,0.607143,0.273609,0.345198,0.349093,0.342831,0.778930,0.261669,0.258773,0.433621,0.383458,0.211685,0.000000,
0.647501,0.393857,0.257410,0.269260,0.213605,0.437094,0.198881,0.261319,0.626340,0.581906,0.363997,0.432524,0.574326,0.468242,0.361611,0.418338,0.374287,0.167659,0.499032,0.286631,0.303277,0.231594,0.565494,0.477188,0.423527,0.503732,0.369776,0.367337,0.261319,0.409780,0.506243,0.419129,0.468781,0.211532,0.162831,0.290563,0.379200,0.536603,0.206172,0.400586,0.607143,0.273609,0.345198,0.476456,0.342831,0.778930,0.261669,0.258773,0.433621,0.383458,0.211685,0.000000,
0.617848,0.393857,0.257410,0.269260,0.213605,0.437094,0.198881,0.261319,0.503553,0.581906,0.363997,0.432524,0.573791,0.466776,0.361611,0.418338,0.374287,0.167659,0.499032,0.286631,0.303277,0.231594,0.411110,0.477188,0.423527,0.503732,0.369776,0.367349,0.261319,0.409780,0.509431,0.419129,0.468781,0.211532,0.162831,0.290563,0.377421,0.536603,0.206172,0.400586,0.607143,0.273609,0.345198,0.377487,0.342831,0.778930,0.261669,0.258773,0.433621,0.383458,0.211685,0.000000,
0.605446,0.393857,0.257410,0.269260,0.213605,0.437094,0.198881,0.261319,0.574016,0.581906,0.363997,0.432524,0.574787,0.469846,0.361611,0.418338,0.374287,0.167659,0.499032,0.286631,0.303277,0.231594,0.556200,0.477188,0.423527,0.503732,0.369776,0.367356,0.261319,0.409780,0.517449,0.419129,0.468781,0.211532,0.162831,0.290563,0.382144,0.536603,0.206172,0.400586,0.607143,0.273609,0.345198,0.328199,0.342831,0.778930,0.261669,0.258773,0.433621,0.383458,0.211685,0.000000,
0.617038,0.393857,0.257410,0.269260,0.213605,0.437094,0.198881,0.261319,0.725356,0.581906,0.363997,0.432524,0.595654,0.468965,0.361611,0.418338,0.374287,0.167659,0.499032,0.286631,0.303277,0.231594,0.375223,0.477188,0.423527,0.503732,0.369776,0.367359,0.261319,0.409780,0.515632,0.419129,0.468781,0.211532,0.162831,0.290563,0.384506,0.536603,0.206172,0.400586,0.607143,0.273609,0.345198,0.466327,0.342831,0.778930,0.261669,0.258773,0.433621,0.383458,0.211685,0.000000,
0.521276,0.393857,0.257410,0.269260,0.213605,0.437094,0.198881,0.261319,0.684878,0.581906,0.363997,0.432524,0.524716,0.473081,0.361611,0.418338,0.374287,0.167659,0.499032,0.286631,0.303277,0.231594,0.560533,0.477188,0.423527,0.503732,0.369776,0.367361,0.261319,0.409780,0.505047,0.419129,0.468781,0.211532,0.162831,0.290563,0.385687,0.536603,0.206172,0.400586,0.607143,0.273609,0.345198,0.536111,0.342831,0.778930,0.261669,0.258773,0.433621,0.383458,0.211685,0.000000,
0.583018,0.334046,0.257410,0.269260,0.213605,0.437094,0.198881,0.261319,0.742673,0.581906,0.363997,0.432524,0.571646,0.471747,0.361611,0.418338,0.374287,0.167659,0.499032,0.286631,0.303277,0.231594,0.653187,0.477188,0.423527,0.503732,0.369776,0.367361,0.261319,0.409780,0.507253,0.419129,0.468781,0.211532,0.162831,0.290563,0.386277,0.536603,0.206172,0.400586,0.607143,0.273609,0.345198,0.570283,0.342831,0.778930,0.261669,0.258773,0.433621,0.383458,0.211685,0.000000,
0.564172,0.363951,0.257410,0.269260,0.213605,0.437094,0.198881,0.261319,0.820750,0.581906,0.363997,0.432524,0.573789,0.474472,0.361611,0.418338,0.374287,0.167659,0.499032,0.286631,0.303277,0.231594,0.699514,0.477188,0.423527,0.503732,0.369776,0.367362,0.261319,0.409780,0.508635,0.419129,0.468781,0.211532,0.162831,0.290563,0.386572,0.536603,0.206172,0.400586,0.607143,0.273609,0.345198,0.587349,0.342831,0.778930,0.261669,0.258773,0.433621,0.383458,0.211685,0.000000,
0.580419,0.378904,0.257410,0.269260,0.213605,0.437094,0.198881,0.261319,0.501123,0.581906,0.363997,0.432524,0.574526,0.472442,0.361611,0.418338,0.374287,0.167659,0.499032,0.286631,0.303277,0.231594,0.722678,0.477188,0.423527,0.503732,0.369776,0.367362,0.261319,0.409780,0.508109,0.419129,0.468781,0.211532,0.162831,0.290563,0.386720,0.536603,0.206172,0.400586,0.607143,0.273609,0.345198,0.596415,0.342831,0.778930,0.261669,0.258773,0.433621,0.383458,0.211685,0.000000,
0.576528,0.386380,0.257410,0.269260,0.213605,0.437094,0.198881,0.261319,0.606681,0.581906,0.363997,0.432524,0.595630,0.333028,0.361611,0.418338,0.374287,0.167659,0.499032,0.286631,0.303277,0.231594,0.734260,0.477188,0.423527,0.503732,0.369776,0.367362,0.261319,0.409780,0.508784,0.419129,0.468781,0.211532,0.162831,0.290563,0.436286,0.536603,0.206172,0.400586,0.607143,0.273609,0.345198,0.437610,0.342831,0.778930,0.261669,0.258773,0.433621,0.383458,0.211685,0.000000,
0.655774,0.390119,0.257410,0.269260,0.213605,0.437094,0.198881,0.261319,0.743213,0.581906,0.363997,0.432524,0.606183,0.403492,0.361611,0.418338,0.374287,0.167659,0.499032,0.286631,0.303277,0.231594,0.689293,0.477188,0.423527,0.503732,0.369776,0.367362,0.261319,0.409780,0.508595,0.419129,0.468781,0.211532,0.162831,0.290563,0.411577,0.536603,0.206172,0.400586,0.607143,0.273609,0.345198,0.520774,0.342831,0.778930,0.261669,0.258773,0.433621,0.383458,0.211685,0.000000,
0.588891,0.391988,0.257410,0.269260,0.213605,0.437094,0.198881,0.261319,0.821020,0.581906,0.363997,0.432524,0.612379,0.436953,0.361611,0.418338,0.374287,0.167659,0.499032,0.286631,0.303277,0.231594,0.429792,0.477188,0.423527,0.503732,0.369776,0.367362,0.261319,0.409780,0.481297,0.419129,0.468781,0.211532,0.162831,0.290563,0.429923,0.536603,0.206172,0.400586,0.607143,0.273609,0.345198,0.564689,0.342831,0.778930,0.261669,0.258773,0.433621,0.383458,0.211685,0.000000,
0.573387,0.392922,0.257410,0.269260,0.213605,0.437094,0.198881,0.261319,0.842374,0.581906,0.363997,0.432524,0.614557,0.453683,0.361611,0.418338,0.374287,0.167659,0.499032,0.286631,0.303277,0.231594,0.587817,0.477188,0.423527,0.503732,0.369776,0.367362,0.261319,0.409780,0.463419,0.419129,0.468781,0.211532,0.162831,0.290563,0.408395,0.536603,0.206172,0.400586,0.607143,0.273609,0.345198,0.421747,0.342831,0.778930,0.261669,0.258773,0.433621,0.383458,0.211685,0.000000,
0.554672,0.393389,0.257410,0.269260,0.213605,0.437094,0.198881,0.261319,0.534368,0.581906,0.363997,0.432524,0.615646,0.463293,0.361611,0.418338,0.374287,0.167659,0.499032,0.286631,0.303277,0.231594,0.666829,0.477188,0.423527,0.503732,0.369776,0.367362,0.261319,0.409780,0.477192,0.419129,0.468781,0.211532,0.162831,0.290563,0.394982,0.536603,0.206172,0.400586,0.607143,0.273609,0.345198,0.350276,0.342831,0.778930,0.261669,0.258773,0.433621,0.383458,0.211685,0.000000,
0.574097,0.393623,0.257410,0.269260,0.213605,0.437094,0.198881,0.261319,0.705478,0.581906,0.363997,0.432524,0.616190,0.472176,0.361611,0.418338,0.374287,0.167659,0.499032,0.286631,0.303277,0.231594,0.706335,0.477188,0.423527,0.503732,0.369776,0.367362,0.261319,0.409780,0.497274,0.419129,0.468781,0.211532,0.162831,0.290563,0.386193,0.536603,0.206172,0.400586,0.607143,0.273609,0.345198,0.479483,0.342831,0.778930,0.261669,0.258773,0.433621,0.383458,0.211685,0.000000,
0.582839,0.393740,0.257410,0.269260,0.213605,0.437094,0.198881,0.261319,0.674927,0.581906,0.363997,0.432524,0.596061,0.476618,0.361611,0.418338,0.374287,0.167659,0.499032,0.286631,0.303277,0.231594,0.726089,0.477188,0.423527,0.503732,0.369776,0.367362,0.261319,0.409780,0.490659,0.419129,0.468781,0.211532,0.162831,0.290563,0.349187,0.536603,0.206172,0.400586,0.607143,0.273609,0.345198,0.379144,0.342831,0.778930,0.261669,0.258773,0.433621,0.383458,0.211685,0.000000,
0.677242,0.396410,0.257410,0.269260,0.213605,0.437094,0.198881,0.261319,0.407340,0.581906,0.363997,0.432524,0.606398,0.478839,0.361611,0.418338,0.374287,0.167659,0.499032,0.286631,0.303277,0.231594,0.735965,0.477188,0.423527,0.503732,0.369776,0.367362,0.261319,0.409780,0.467407,0.419129,0.468781,0.211532,0.162831,0.290563,0.368027,0.536603,0.206172,0.400586,0.607143,0.273609,0.345198,0.493913,0.342831,0.778930,0.261669,0.258773,0.433621,0.383458,0.211685,0.000000,
0.626990,0.395133,0.257410,0.269260,0.213605,0.437094,0.198881,0.261319,0.643542,0.581906,0.363997,0.432524,0.611566,0.479837,0.361611,0.418338,0.374287,0.167659,0.499032,0.286631,0.303277,0.231594,0.740903,0.477188,0.423527,0.503732,0.369776,0.367362,0.261319,0.409780,0.456755,0.419129,0.468781,0.211532,0.162831,0.290563,0.410637,0.536603,0.206172,0.400586,0.607143,0.273609,0.345198,0.547876,0.342831,0.778930,0.261669,0.258773,0.433621,0.383458,0.211685,0.000000,
0.671120,0.394495,0.257410,0.269260,0.213605,0.437094,0.198881,0.261319,0.525363,0.581906,0.363997,0.432524,0.593749,0.487382,0.361611,0.418338,0.374287,0.167659,0.499032,0.286631,0.303277,0.231594,0.627213,0.477188,0.423527,0.503732,0.369776,0.367362,0.261319,0.409780,0.514785,0.419129,0.468781,0.211532,0.162831,0.290563,0.398752,0.536603,0.206172,0.400586,0.607143,0.273609,0.345198,0.575234,0.342831,0.778930,0.261669,0.258773,0.433621,0.383458,0.211685,0.000000,
0.636812,0.394176,0.257410,0.269260,0.213605,0.437094,0.198881,0.261319,0.714015,0.581906,0.363997,0.432524,0.605288,0.491155,0.361611,0.418338,0.374287,0.167659,0.499032,0.286631,0.303277,0.231594,0.626543,0.477188,0.423527,0.503732,0.369776,0.367362,0.261319,0.409780,0.494488,0.419129,0.468781,0.211532,0.162831,0.290563,0.447859,0.536603,0.206172,0.400586,0.607143,0.273609,0.345198,0.588912,0.342831,0.778930,0.261669,0.258773,0.433621,0.383458,0.211685,0.000000,
0.629164,0.394016,0.257410,0.269260,0.213605,0.437094,0.198881,0.261319,0.795316,0.581906,0.363997,0.432524,0.611011,0.493041,0.361611,0.418338,0.374287,0.167659,0.499032,0.286631,0.303277,0.231594,0.354579,0.477188,0.423527,0.503732,0.369776,0.367362,0.261319,0.409780,0.481338,0.419129,0.468781,0.211532,0.162831,0.290563,0.450553,0.536603,0.206172,0.400586,0.607143,0.273609,0.345198,0.595752,0.342831,0.778930,0.261669,0.258773,0.433621,0.383458,0.211685,0.000000,
0.616511,0.393936,0.257410,0.269260,0.213605,0.437094,0.198881,0.261319,0.836030,0.581906,0.363997,0.432524,0.613873,0.493985,0.361611,0.418338,0.374287,0.167659,0.499032,0.286631,0.303277,0.231594,0.550210,0.477188,0.423527,0.503732,0.369776,0.367362,0.261319,0.409780,0.493664,0.419129,0.468781,0.211532,0.162831,0.290563,0.418671,0.536603,0.206172,0.400586,0.607143,0.273609,0.345198,0.599182,0.342831,0.778930,0.261669,0.258773,0.433621,0.383458,0.211685,0.000000,
0.575932,0.393897,0.257410,0.269260,0.213605,0.437094,0.198881,0.261319,0.740258,0.581906,0.363997,0.432524,0.615304,0.502522,0.361611,0.418338,0.374287,0.167659,0.499032,0.286631,0.303277,0.231594,0.648026,0.477188,0.423527,0.503732,0.369776,0.367362,0.261319,0.409780,0.499384,0.419129,0.468781,0.211532,0.162831,0.290563,0.450016,0.536603,0.206172,0.400586,0.607143,0.273609,0.345198,0.600887,0.342831,0.778930,0.261669,0.258773,0.433621,0.383458,0.211685,0.000000,
0.545622,0.393877,0.257410,0.269260,0.213605,0.437094,0.198881,0.261319,0.573726,0.581906,0.363997,0.432524,0.616019,0.506791,0.361611,0.418338,0.374287,0.167659,0.499032,0.286631,0.303277,0.231594,0.696934,0.477188,0.423527,0.503732,0.369776,0.367362,0.261319,0.409780,0.489346,0.419129,0.468781,0.211532,0.162831,0.290563,0.418402,0.536603,0.206172,0.400586,0.607143,0.273609,0.345198,0.601739,0.342831,0.778930,0.261669,0.258773,0.433621,0.383458,0.211685,0.000000,
0.399406,0.393867,0.257410,0.269260,0.213605,0.437094,0.198881,0.261319,0.655967,0.581906,0.363997,0.432524,0.616488,0.500859,0.361611,0.418338,0.374287,0.167659,0.499032,0.286631,0.303277,0.231594,0.721388,0.477188,0.423527,0.503732,0.369776,0.367362,0.261319,0.409780,0.485142,0.419129,0.468781,0.211532,0.162831,0.290563,0.452537,0.536603,0.206172,0.400586,0.607143,0.273609,0.345198,0.602176,0.342831,0.778930,0.261669,0.258773,0.433621,0.383458,0.211685,0.000000,
0.503353,0.393862,0.257410,0.269260,0.213605,0.437094,0.198881,0.261319,0.553054,0.581906,0.363997,0.432524,0.616723,0.505960,0.361611,0.418338,0.374287,0.167659,0.499032,0.286631,0.303277,0.231594,0.733615,0.477188,0.423527,0.503732,0.369776,0.367362,0.261319,0.409780,0.480322,0.419129,0.468781,0.211532,0.162831,0.290563,0.407804,0.536603,0.206172,0.400586,0.607143,0.273609,0.345198,0.604188,0.342831,0.778930,0.261669,0.258773,0.433621,0.383458,0.211685,0.000000,
0.557346,0.393859,0.257410,0.269260,0.213605,0.437094,0.198881,0.261319,0.598754,0.581906,0.363997,0.432524,0.595993,0.508509,0.361611,0.418338,0.374287,0.167659,0.499032,0.286631,0.303277,0.231594,0.739728,0.477188,0.423527,0.503732,0.369776,0.367362,0.261319,0.409780,0.722482,0.419129,0.468781,0.211532,0.162831,0.290563,0.383258,0.536603,0.206172,0.400586,0.607143,0.273609,0.345198,0.437818,0.342831,0.778930,0.261669,0.258773,0.433621,0.383458,0.211685,0.000000,
0.537049,0.393858,0.257410,0.269260,0.213605,0.437094,0.198881,0.261319,0.735228,0.581906,0.363997,0.432524,0.586530,0.509785,0.361611,0.418338,0.374287,0.167659,0.499032,0.286631,0.303277,0.231594,0.677798,0.477188,0.423527,0.503732,0.369776,0.354111,0.261319,0.409780,0.608655,0.419129,0.468781,0.211532,0.162831,0.290563,0.382700,0.536603,0.206172,0.400586,0.607143,0.273609,0.345198,0.358162,0.342831,0.778930,0.261669,0.258773,0.433621,0.383458,0.211685,0.000000,
0.548726,0.393857,0.257410,0.269260,0.213605,0.437094,0.198881,0.261319,0.689826,0.581906,0.363997,0.432524,0.580897,0.510422,0.361611,0.418338,0.374287,0.167659,0.499032,0.286631,0.303277,0.231594,0.424173,0.477188,0.423527,0.503732,0.369776,0.199979,0.261319,0.409780,0.519301,0.419129,0.468781,0.211532,0.162831,0.290563,0.382345,0.536603,0.206172,0.400586,0.607143,0.273609,0.345198,0.479412,0.342831,0.778930,0.261669,0.258773,0.433621,0.383458,0.211685,0.000000,
0.619206,0.393857,0.257410,0.269260,0.213605,0.437094,0.198881,0.261319,0.776126,0.581906,0.363997,0.432524,0.598927,0.495611,0.361611,0.418338,0.374287,0.167659,0.499032,0.286631,0.303277,0.231594,0.585007,0.477188,0.423527,0.503732,0.369776,0.122913,0.261319,0.409780,0.483731,0.419129,0.468781,0.211532,0.162831,0.290563,0.383489,0.536603,0.206172,0.400586,0.607143,0.273609,0.345198,0.543280,0.342831,0.778930,0.261669,0.258773,0.433621,0.383458,0.211685,0.000000,
0.579062,0.393857,0.257410,0.269260,0.213605,0.437094,0.198881,0.261319,0.607212,0.581906,0.363997,0.432524,0.607531,0.488205,0.361611,0.418338,0.374287,0.167659,0.499032,0.286631,0.303277,0.231594,0.665424,0.477188,0.423527,0.503732,0.369776,0.084379,0.261319,0.409780,0.480017,0.419129,0.468781,0.211532,0.162831,0.290563,0.384061,0.536603,0.206172,0.400586,0.607143,0.273609,0.345198,0.575214,0.342831,0.778930,0.261669,0.258773,0.433621,0.383458,0.211685,0.000000,
0.601544,0.393857,0.257410,0.269260,0.213605,0.437094,0.198881,0.261319,0.335527,0.581906,0.363997,0.432524,0.612244,0.477224,0.361611,0.418338,0.374287,0.167659,0.499032,0.286631,0.303277,0.231594,0.705633,0.477188,0.423527,0.503732,0.369776,0.065113,0.261319,0.409780,0.456689,0.419129,0.468781,0.211532,0.162831,0.290563,0.384348,0.536603,0.206172,0.400586,0.607143,0.273609,0.345198,0.591181,0.342831,0.778930,0.261669,0.258773,0.433621,0.383458,0.211685,0.000000,
0.718977,0.393857,0.257410,0.269260,0.213605,0.437094,0.198881,0.261319,0.606045,0.581906,0.363997,0.432524,0.614601,0.494142,0.361611,0.418338,0.374287,0.167659,0.499032,0.286631,0.303277,0.231594,0.725737,0.477188,0.423527,0.503732,0.369776,0.055480,0.261319,0.409780,0.479912,0.419129,0.468781,0.211532,0.162831,0.290563,0.384491,0.536603,0.206172,0.400586,0.607143,0.273609,0.345198,0.519279,0.342831,0.778930,0.261669,0.258773,0.433621,0.383458,0.211685,0.000000,
0.672610,0.393857,0.257410,0.269260,0.213605,0.437094,0.198881,0.261319,0.741400,0.578363,0.363997,0.432524,0.603289,0.502601,0.361611,0.418338,0.374287,0.167659,0.499032,0.286631,0.303277,0.231594,0.667156,0.477188,0.423527,0.503732,0.369776,0.050663,0.261319,0.409780,0.487379,0.419129,0.468781,0.211532,0.162831,0.290563,0.384562,0.536603,0.206172,0.400586,0.607143,0.273609,0.345198,0.563214,0.342831,0.778930,0.261669,0.258773,0.433621,0.383458,0.211685,0.000000,
0.723451,0.393857,0.257410,0.269260,0.213605,0.437094,0.198881,0.261319,0.692836,0.576591,0.363997,0.432524,0.588686,0.494677,0.361611,0.418338,0.374287,0.167659,0.499032,0.286631,0.303277,0.231594,0.502118,0.477188,0.423527,0.503732,0.369776,0.048255,0.261319,0.409780,0.495505,0.419129,0.468781,0.211532,0.162831,0.290563,0.380102,0.536603,0.206172,0.400586,0.607143,0.273609,0.345198,0.582902,0.342831,0.778930,0.261669,0.258773,0.433621,0.383458,0.211685,0.000000,
0.747142,0.393857,0.257410,0.269260,0.213605,0.437094,0.198881,0.261319,0.668572,0.575706,0.363997,0.432524,0.581385,0.487750,0.361611,0.418338,0.374287,0.167659,0.499032,0.286631,0.303277,0.231594,0.414242,0.477188,0.423527,0.503732,0.369776,0.047051,0.261319,0.409780,0.459909,0.419129,0.468781,0.211532,0.162831,0.290563,0.383485,0.536603,0.206172,0.400586,0.607143,0.273609,0.345198,0.592746,0.342831,0.778930,0.261669,0.258773,0.433621,0.383458,0.211685,0.000000,
0.754803,0.393857,0.257410,0.269260,0.213605,0.437094,0.198881,0.261319,0.772580,0.575263,0.363997,0.432524,0.541956,0.515330,0.361611,0.418338,0.374287,0.167659,0.499032,0.286631,0.303277,0.231594,0.527156,0.477188,0.423527,0.503732,0.369776,0.046448,0.261319,0.409780,0.455558,0.419129,0.468781,0.211532,0.162831,0.290563,0.434669,0.536603,0.206172,0.400586,0.607143,0.273609,0.345198,0.597668,0.342831,0.778930,0.261669,0.258773,0.433621,0.383458,0.211685,0.000000,
0.766245,0.393857,0.257410,0.269260,0.213605,0.437094,0.198881,0.261319,0.433473,0.575041,0.363997,0.432524,0.578453,0.494122,0.361611,0.418338,0.374287,0.167659,0.499032,0.286631,0.303277,0.231594,0.394136,0.477188,0.423527,0.503732,0.369776,0.046147,0.261319,0.409780,0.472997,0.419129,0.468781,0.211532,0.162831,0.290563,0.460261,0.536603,0.206172,0.400586,0.607143,0.273609,0.345198,0.600130,0.342831,0.778930,0.261669,0.258773,0.433621,0.383458,0.211685,0.000000,
0.680456,0.393857,0.257410,0.269260,0.213605,0.437094,0.198881,0.261319,0.666409,0.574931,0.363997,0.432524,0.596702,0.487558,0.361611,0.418338,0.374287,0.167659,0.499032,0.286631,0.303277,0.231594,0.569989,0.477188,0.423527,0.503732,0.369776,0.045997,0.261319,0.409780,0.444888,0.419129,0.468781,0.211532,0.162831,0.290563,0.419335,0.536603,0.206172,0.400586,0.607143,0.273609,0.345198,0.435789,0.342831,0.778930,0.261669,0.258773,0.433621,0.383458,0.211685,0.000000,
0.623735,0.393857,0.257410,0.269260,0.213605,0.437094,0.198881,0.261319,0.782867,0.574875,0.363997,0.432524,0.605437,0.480236,0.361611,0.418338,0.374287,0.167659,0.499032,0.286631,0.303277,0.231594,0.657915,0.477188,0.423527,0.503732,0.369776,0.045922,0.261319,0.409780,0.446556,0.419129,0.468781,0.211532,0.162831,0.290563,0.401601,0.536603,0.206172,0.400586,0.607143,0.273609,0.345198,0.519190,0.342831,0.778930,0.261669,0.258773,0.433621,0.383458,0.211685,0.000000,
0.672222,0.393857,0.257410,0.269260,0.213605,0.437094,0.198881,0.261319,0.802136,0.574848,0.363997,0.432524,0.609805,0.474035,0.361611,0.418338,0.374287,0.167659,0.499032,0.286631,0.303277,0.231594,0.701878,0.477188,0.423527,0.503732,0.369776,0.045884,0.261319,0.409780,0.450511,0.419129,0.468781,0.211532,0.162831,0.290563,0.380310,0.536603,0.206172,0.400586,0.607143,0.273609,0.345198,0.560940,0.342831,0.778930,0.261669,0.258773,0.433621,0.383458,0.211685,0.000000,
0.646615,0.393857,0.257410,0.269260,0.213605,0.437094,0.198881,0.261319,0.505143,0.574834,0.363997,0.432524,0.592396,0.477515,0.361611,0.418338,0.374287,0.167659,0.499032,0.286631,0.303277,0.231594,0.723860,0.477188,0.423527,0.503732,0.369776,0.045865,0.261319,0.409780,0.470184,0.419129,0.468781,0.211532,0.162831,0.290563,0.376530,0.536603,0.206172,0.400586,0.607143,0.273609,0.345198,0.580459,0.342831,0.778930,0.261669,0.258773,0.433621,0.383458,0.211685,0.000000,
0.614441,0.393857,0.257410,0.269260,0.213605,0.437094,0.198881,0.261319,0.574836,0.578370,0.363997,0.432524,0.603673,0.479255,0.361611,0.418338,0.374287,0.167659,0.499032,0.286631,0.303277,0.231594,0.734851,0.477188,0.423527,0.503732,0.369776,0.045856,0.261319,0.409780,0.476701,0.419129,0.468781,0.211532,0.162831,0.290563,0.377174,0.536603,0.206172,0.400586,0.607143,0.273609,0.345198,0.590218,0.342831,0.778930,0.261669,0.258773,0.433621,0.383458,0.211685,0.000000,
0.596537,0.393857,0.257410,0.269260,0.213605,0.437094,0.198881,0.261319,0.738752,0.580138,0.363997,0.432524,0.609311,0.480125,0.361611,0.418338,0.374287,0.167659,0.499032,0.286631,0.303277,0.231594,0.693043,0.477188,0.423527,0.503732,0.369776,0.045851,0.261319,0.409780,0.489922,0.419129,0.468781,0.211532,0.162831,0.290563,0.378050,0.536603,0.206172,0.400586,0.607143,0.273609,0.345198,0.596141,0.342831,0.778930,0.261669,0.258773,0.433621,0.383458,0.211685,0.000000,
0.589984,0.393857,0.257410,0.269260,0.213605,0.437094,0.198881,0.261319,0.820710,0.581022,0.363997,0.432524,0.612131,0.476520,0.361611,0.418338,0.374287,0.167659,0.499032,0.286631,0.303277,0.231594,0.602316,0.477188,0.423527,0.503732,0.369776,0.045849,0.261319,0.409780,0.491593,0.419129,0.468781,0.211532,0.162831,0.290563,0.378489,0.536603,0.206172,0.400586,0.607143,0.273609,0.345198,0.599103,0.342831,0.778930,0.261669,0.258773,0.433621,0.383458,0.211685,0.000000,
0.644489,0.393857,0.257410,0.269260,0.213605,0.437094,0.198881,0.261319,0.861689,0.577921,0.363997,0.432524,0.613540,0.476858,0.361611,0.418338,0.374287,0.167659,0.499032,0.286631,0.303277,0.231594,0.389552,0.477188,0.423527,0.503732,0.369776,0.045848,0.261319,0.409780,0.474049,0.419129,0.468781,0.211532,0.162831,0.290563,0.379986,0.536603,0.206172,0.400586,0.607143,0.273609,0.345198,0.600583,0.342831,0.778930,0.261669,0.258773,0.433621,0.383458,0.211685,0.000000,
