0.990654,-1.000000,-1.000000,-1.000000,-1.000000,-1.000000,-1.000000,-1.000000,-1.000000,1.000000,-1.000000,-1.000000,1.000000,-1.000000,-1.000000,1.000000,-1.000000,-1.000000,-1.000000,1.000000,1.000000,-1.000000,-1.000000,-1.000000,1.000000,-1.000000,-1.000000,-1.000000,-1.000000,1.000000,1.000000,1.000000,-1.000000,1.000000,-1.000000,1.000000,0.681818,-1.000000,-1.000000,-1.000000,-1.000000,1.000000,1.000000,-1.000000,1.000000,-1.000000,1.000000,-1.000000,-1.000000,1.000000,-1.000000,-1.000000,
0.980769,-1.000000,-1.000000,-1.000000,-1.000000,-1.000000,-1.000000,-1.000000,-1.000000,1.000000,-1.000000,-1.000000,1.000000,-1.000000,-1.000000,0.800000,-1.000000,-1.000000,-1.000000,1.000000,1.000000,-1.000000,-1.000000,-1.000000,0.941176,-1.000000,-1.000000,-1.000000,-1.000000,1.000000,1.000000,1.000000,-1.000000,1.000000,-1.000000,0.461538,0.810811,-1.000000,-1.000000,-1.000000,-1.000000,1.000000,1.000000,-1.000000,1.000000,-1.000000,1.000000,-1.000000,-1.000000,1.000000,-1.000000,-1.000000,
0.970874,-1.000000,-1.000000,-1.000000,-1.000000,-1.000000,-1.000000,-1.000000,-1.000000,1.000000,-1.000000,-1.000000,1.000000,-1.000000,-1.000000,0.800000,-1.000000,-1.000000,-1.000000,1.000000,1.000000,-1.000000,-1.000000,-1.000000,0.941176,-1.000000,-1.000000,-1.000000,-1.000000,1.000000,1.000000,1.000000,-1.000000,1.000000,-1.000000,0.461538,0.909091,-1.000000,-1.000000,-1.000000,-1.000000,1.000000,1.000000,-1.000000,1.000000,-1.000000,1.000000,-1.000000,-1.000000,1.000000,-1.000000,-1.000000,
0.970874,-1.000000,-1.000000,-1.000000,-1.000000,-1.000000,-1.000000,-1.000000,-1.000000,1.000000,-1.000000,-1.000000,1.000000,-1.000000,-1.000000,0.800000,-1.000000,-1.000000,-1.000000,1.000000,1.000000,-1.000000,-1.000000,-1.000000,0.941176,-1.000000,-1.000000,-1.000000,-1.000000,1.000000,1.000000,1.000000,-1.000000,1.000000,-1.000000,0.428571,0.909091,-1.000000,-1.000000,-1.000000,-1.000000,1.000000,1.000000,-1.000000,1.000000,-1.000000,1.000000,-1.000000,-1.000000,1.000000,-1.000000,-1.000000,
0.970874,-1.000000,-1.000000,-1.000000,-1.000000,-1.000000,-1.000000,-1.000000,-1.000000,1.000000,-1.000000,-1.000000,1.000000,-1.000000,-1.000000,0.800000,-1.000000,-1.000000,-1.000000,1.000000,1.000000,-1.000000,-1.000000,-1.000000,0.941176,-1.000000,-1.000000,-1.000000,-1.000000,1.000000,1.000000,1.000000,-1.000000,1.000000,-1.000000,0.428571,0.937500,-1.000000,-1.000000,-1.000000,-1.000000,1.000000,1.000000,-1.000000,1.000000,-1.000000,1.000000,-1.000000,-1.000000,1.000000,-1.000000,-1.000000,
0.970874,-1.000000,-1.000000,-1.000000,-1.000000,-1.000000,-1.000000,-1.000000,-1.000000,1.000000,-1.000000,-1.000000,1.000000,-1.000000,-1.000000,0.800000,-1.000000,-1.000000,-1.000000,1.000000,1.000000,-1.000000,-1.000000,-1.000000,0.941176,-1.000000,-1.000000,-1.000000,-1.000000,1.000000,1.000000,1.000000,-1.000000,1.000000,-1.000000,0.428571,0.937500,-1.000000,-1.000000,-1.000000,-1.000000,1.000000,1.000000,-1.000000,1.000000,-1.000000,1.000000,-1.000000,-1.000000,1.000000,-1.000000,-1.000000,
0.970874,-1.000000,-1.000000,-1.000000,-1.000000,-1.000000,-1.000000,-1.000000,-1.000000,1.000000,-1.000000,-1.000000,1.000000,-1.000000,-1.000000,0.800000,-1.000000,-1.000000,-1.000000,1.000000,1.000000,-1.000000,-1.000000,-1.000000,0.941176,-1.000000,-1.000000,-1.000000,-1.000000,1.000000,1.000000,1.000000,-1.000000,1.000000,-1.000000,0.533333,0.937500,-1.000000,-1.000000,-1.000000,-1.000000,1.000000,1.000000,-1.000000,1.000000,-1.000000,1.000000,-1.000000,-1.000000,1.000000,-1.000000,-1.000000,
0.970874,-1.000000,-1.000000,-1.000000,-1.000000,-1.000000,-1.000000,-1.000000,-1.000000,1.000000,-1.000000,-1.000000,1.000000,-1.000000,-1.000000,0.800000,-1.000000,-1.000000,-1.000000,1.000000,1.000000,-1.000000,-1.000000,-1.000000,0.941176,-1.000000,-1.000000,-1.000000,-1.000000,1.000000,1.000000,1.000000,-1.000000,1.000000,-1.000000,0.533333,0.937500,-1.000000,-1.000000,-1.000000,-1.000000,1.000000,1.000000,-1.000000,1.000000,-1.000000,1.000000,-1.000000,-1.000000,1.000000,-1.000000,-1.000000,
0.970874,-1.000000,-1.000000,-1.000000,-1.000000,-1.000000,-1.000000,-1.000000,-1.000000,1.000000,-1.000000,-1.000000,1.000000,-1.000000,-1.000000,0.800000,-1.000000,-1.000000,-1.000000,1.000000,1.000000,-1.000000,-1.000000,-1.000000,0.941176,-1.000000,-1.000000,-1.000000,-1.000000,1.000000,1.000000,1.000000,-1.000000,1.000000,-1.000000,0.533333,0.937500,-1.000000,-1.000000,-1.000000,-1.000000,1.000000,1.000000,-1.000000,1.000000,-1.000000,1.000000,-1.000000,-1.000000,1.000000,-1.000000,-1.000000,
0.970874,-1.000000,-1.000000,-1.000000,-1.000000,-1.000000,-1.000000,-1.000000,-1.000000,1.000000,-1.000000,-1.000000,1.000000,-1.000000,-1.000000,0.800000,-1.000000,-1.000000,-1.000000,1.000000,1.000000,-1.000000,-1.000000,-1.000000,0.941176,-1.000000,-1.000000,-1.000000,-1.000000,1.000000,1.000000,1.000000,-1.000000,1.000000,-1.000000,0.533333,0.937500,-1.000000,-1.000000,-1.000000,-1.000000,1.000000,1.000000,-1.000000,1.000000,-1.000000,1.000000,-1.000000,-1.000000,1.000000,-1.000000,-1.000000,
0.970874,-1.000000,-1.000000,-1.000000,-1.000000,-1.000000,-1.000000,-1.000000,-1.000000,1.000000,-1.000000,-1.000000,1.000000,-1.000000,-1.000000,0.800000,-1.000000,-1.000000,-1.000000,1.000000,1.000000,-1.000000,-1.000000,-1.000000,0.941176,-1.000000,-1.000000,-1.000000,-1.000000,1.000000,1.000000,1.000000,-1.000000,1.000000,-1.000000,0.533333,0.937500,-1.000000,-1.000000,-1.000000,-1.000000,1.000000,1.000000,-1.000000,1.000000,-1.000000,1.000000,-1.000000,-1.000000,1.000000,-1.000000,-1.000000,
0.970874,-1.000000,-1.000000,-1.000000,-1.000000,-1.000000,-1.000000,-1.000000,-1.000000,1.000000,-1.000000,-1.000000,1.000000,-1.000000,-1.000000,0.800000,-1.000000,-1.000000,-1.000000,1.000000,1.000000,-1.000000,-1.000000,-1.000000,0.941176,-1.000000,-1.000000,-1.000000,-1.000000,1.000000,1.000000,1.000000,-1.000000,1.000000,-1.000000,0.533333,0.937500,-1.000000,-1.000000,-1.000000,-1.000000,1.000000,1.000000,-1.000000,1.000000,-1.000000,1.000000,-1.000000,-1.000000,1.000000,-1.000000,-1.000000,
0.970874,-1.000000,-1.000000,-1.000000,-1.000000,-1.000000,-1.000000,-1.000000,-1.000000,1.000000,-1.000000,-1.000000,1.000000,-1.000000,-1.000000,0.800000,-1.000000,-1.000000,-1.000000,1.000000,1.000000,-1.000000,-1.000000,-1.000000,0.941176,-1.000000,-1.000000,-1.000000,-1.000000,1.000000,1.000000,1.000000,-1.000000,1.000000,-1.000000,0.533333,0.937500,-1.000000,-1.000000,-1.000000,-1.000000,1.000000,1.000000,-1.000000,1.000000,-1.000000,1.000000,-1.000000,-1.000000,1.000000,-1.000000,-1.000000,
0.970874,-1.000000,-1.000000,-1.000000,-1.000000,-1.000000,-1.000000,-1.000000,-1.000000,1.000000,-1.000000,-1.000000,1.000000,-1.000000,-1.000000,0.800000,-1.000000,-1.000000,-1.000000,1.000000,1.000000,-1.000000,-1.000000,-1.000000,0.941176,-1.000000,-1.000000,-1.000000,-1.000000,1.000000,1.000000,1.000000,-1.000000,1.000000,-1.000000,0.533333,0.937500,-1.000000,-1.000000,-1.000000,-1.000000,1.000000,1.000000,-1.000000,1.000000,-1.000000,1.000000,-1.000000,-1.000000,1.000000,-1.000000,-1.000000,
0.970874,-1.000000,-1.000000,-1.000000,-1.000000,-1.000000,-1.000000,-1.000000,-1.000000,1.000000,-1.000000,-1.000000,1.000000,-1.000000,-1.000000,0.800000,-1.000000,-1.000000,-1.000000,1.000000,1.000000,-1.000000,-1.000000,-1.000000,0.941176,-1.000000,-1.000000,-1.000000,-1.000000,1.000000,1.000000,1.000000,-1.000000,1.000000,-1.000000,0.533333,0.937500,-1.000000,-1.000000,-1.000000,-1.000000,1.000000,1.000000,-1.000000,1.000000,-1.000000,1.000000,-1.000000,-1.000000,1.000000,-1.000000,-1.000000,
0.970874,-1.000000,-1.000000,-1.000000,-1.000000,-1.000000,-1.000000,-1.000000,-1.000000,1.000000,-1.000000,-1.000000,1.000000,-1.000000,-1.000000,0.800000,-1.000000,-1.000000,-1.000000,1.000000,1.000000,-1.000000,-1.000000,-1.000000,0.941176,-1.000000,-1.000000,-1.000000,-1.000000,1.000000,1.000000,1.000000,-1.000000,1.000000,-1.000000,0.533333,0.937500,-1.000000,-1.000000,-1.000000,-1.000000,1.000000,1.000000,-1.000000,1.000000,-1.000000,1.000000,-1.000000,-1.000000,1.000000,-1.000000,-1.000000,
0.970874,-1.000000,-1.000000,-1.000000,-1.000000,-1.000000,-1.000000,-1.000000,-1.000000,1.000000,-1.000000,-1.000000,1.000000,-1.000000,-1.000000,0.800000,-1.000000,-1.000000,-1.000000,1.000000,1.000000,-1.000000,-1.000000,-1.000000,0.941176,-1.000000,-1.000000,-1.000000,-1.000000,1.000000,1.000000,1.000000,-1.000000,1.000000,-1.000000,0.533333,0.937500,-1.000000,-1.000000,-1.000000,-1.000000,1.000000,1.000000,-1.000000,1.000000,-1.000000,1.000000,-1.000000,-1.000000,1.000000,-1.000000,-1.000000,
0.970874,-1.000000,-1.000000,-1.000000,-1.000000,-1.000000,-1.000000,-1.000000,-1.000000,1.000000,-1.000000,-1.000000,1.000000,-1.000000,-1.000000,0.800000,-1.000000,-1.000000,-1.000000,1.000000,1.000000,-1.000000,-1.000000,-1.000000,0.941176,-1.000000,-1.000000,-1.000000,-1.000000,1.000000,1.000000,1.000000,-1.000000,1.000000,-1.000000,0.533333,0.937500,-1.000000,-1.000000,-1.000000,-1.000000,1.000000,1.000000,-1.000000,1.000000,-1.000000,1.000000,-1.000000,-1.000000,1.000000,-1.000000,-1.000000,
