
-------------------- Start --------------------

---------------------------------
Thresh 	 F_score
0.087187 	 0.864398
0.000000 	 0.000000
0.000000 	 0.000000
0.263519 	 0.000000
0.214710 	 0.000000
0.000000 	 0.000000
0.000000 	 0.000000
0.000000 	 0.000000
0.000000 	 0.000000
0.074457 	 0.636145
0.000000 	 0.000000
0.000000 	 0.000000
0.233110 	 0.000000
0.000000 	 0.000000
0.000000 	 0.000000
0.161164 	 0.000000
0.000000 	 0.000000
0.193262 	 0.000000
0.000000 	 0.000000
0.253775 	 1.000000
0.051574 	 0.011494
0.000000 	 0.000000
0.000000 	 0.000000
0.000000 	 0.000000
0.135171 	 0.330961
0.000000 	 0.000000
0.000000 	 0.000000
0.214910 	 0.000000
0.000000 	 0.000000
0.258602 	 1.000000
0.079484 	 0.096774
0.056545 	 0.146479
0.000000 	 0.000000
0.229749 	 0.000000
0.000000 	 0.000000
0.077212 	 0.201980
0.059823 	 0.564679
0.243357 	 0.000000
0.000000 	 0.000000
0.000000 	 0.000000
0.139304 	 0.000000
0.218914 	 0.000000
0.210760 	 0.212766
0.118251 	 0.000000
0.175463 	 0.250000
0.000000 	 0.000000
0.206925 	 0.000000
0.000000 	 0.000000
0.000000 	 0.000000
0.068103 	 0.348315
0.000000 	 0.000000
0.000000 	 0.000000
---------
0.226560 ( 25 )
---------

---------------------------------
Thresh 	 F_score
0.126782 	 0.873894
0.000000 	 0.000000
0.000000 	 0.000000
0.351359 	 0.000000
0.286279 	 1.000000
0.000000 	 0.000000
0.000000 	 0.000000
0.000000 	 0.000000
0.000000 	 0.000000
0.113613 	 0.688172
0.000000 	 0.000000
0.000000 	 0.000000
0.200811 	 0.000000
0.000000 	 0.000000
0.000000 	 0.000000
0.209517 	 0.000000
0.000000 	 0.000000
0.257683 	 0.000000
0.000000 	 0.000000
0.338367 	 1.000000
0.134075 	 0.000000
0.000000 	 0.000000
0.000000 	 0.000000
0.000000 	 0.000000
0.162438 	 0.320879
0.000000 	 0.000000
0.000000 	 0.000000
0.286547 	 1.000000
0.000000 	 0.000000
0.344803 	 1.000000
0.104399 	 0.112676
0.075439 	 0.157303
0.000000 	 0.000000
0.306333 	 1.000000
0.000000 	 0.000000
0.097280 	 0.195489
0.070906 	 0.549763
0.324475 	 0.000000
0.000000 	 0.000000
0.000000 	 0.000000
0.186515 	 0.000000
0.291886 	 0.000000
0.281014 	 0.228571
0.149309 	 0.000000
0.233950 	 0.066667
0.000000 	 0.000000
0.275900 	 0.000000
0.000000 	 0.000000
0.000000 	 0.000000
0.089165 	 0.413333
0.000000 	 0.000000
0.000000 	 0.000000
---------
0.344270 ( 25 )
---------

---------------------------------
Thresh 	 F_score
0.146350 	 0.885650
0.000000 	 0.000000
0.000000 	 0.000000
0.395278 	 0.000000
0.322064 	 1.000000
0.000000 	 0.000000
0.000000 	 0.000000
0.000000 	 0.000000
0.000000 	 0.000000
0.115436 	 0.698667
0.000000 	 0.000000
0.000000 	 0.000000
0.268254 	 0.000000
0.000000 	 0.000000
0.000000 	 0.000000
0.237863 	 0.000000
0.000000 	 0.000000
0.289893 	 0.000000
0.000000 	 0.000000
0.380663 	 1.000000
0.172693 	 0.000000
0.000000 	 0.000000
0.000000 	 0.000000
0.000000 	 0.000000
0.189782 	 0.279412
0.000000 	 0.000000
0.000000 	 0.000000
0.322365 	 1.000000
0.000000 	 0.000000
0.387903 	 1.000000
0.119091 	 0.111675
0.084852 	 0.154472
0.000000 	 0.000000
0.344624 	 1.000000
0.000000 	 0.000000
0.107353 	 0.188088
0.086282 	 0.545894
0.365035 	 0.000000
0.000000 	 0.000000
0.000000 	 0.000000
0.236250 	 0.000000
0.328372 	 0.000000
0.316140 	 0.250000
0.187109 	 0.000000
0.263194 	 0.105263
0.000000 	 0.000000
0.310388 	 0.000000
0.000000 	 0.000000
0.000000 	 0.000000
0.099764 	 0.436620
0.000000 	 0.000000
0.000000 	 0.000000
---------
0.346230 ( 25 )
---------

---------------------------------
Thresh 	 F_score
0.154771 	 0.881818
0.000000 	 0.000000
0.000000 	 0.000000
0.421630 	 0.000000
0.343535 	 1.000000
0.000000 	 0.000000
0.000000 	 0.000000
0.000000 	 0.000000
0.000000 	 0.000000
0.116820 	 0.694960
0.000000 	 0.000000
0.000000 	 0.000000
0.246362 	 0.000000
0.000000 	 0.000000
0.000000 	 0.000000
0.254903 	 0.000000
0.000000 	 0.000000
0.309219 	 0.000000
0.000000 	 0.000000
0.406040 	 1.000000
0.157320 	 0.000000
0.000000 	 0.000000
0.000000 	 0.000000
0.000000 	 0.000000
0.205322 	 0.202740
0.000000 	 0.000000
0.000000 	 0.000000
0.343856 	 1.000000
0.000000 	 0.000000
0.413764 	 1.000000
0.127623 	 0.102857
0.090288 	 0.176471
0.000000 	 0.000000
0.367599 	 1.000000
0.000000 	 0.000000
0.115132 	 0.186969
0.099758 	 0.539440
0.389371 	 0.000000
0.000000 	 0.000000
0.000000 	 0.000000
0.265701 	 0.000000
0.352098 	 0.000000
0.337216 	 0.258065
0.209496 	 0.000000
0.280740 	 0.105263
0.000000 	 0.000000
0.331080 	 0.000000
0.000000 	 0.000000
0.000000 	 0.000000
0.106244 	 0.436620
0.000000 	 0.000000
0.000000 	 0.000000
---------
0.343408 ( 25 )
---------

---------------------------------
Thresh 	 F_score
0.161990 	 0.886739
0.000000 	 0.000000
0.000000 	 0.000000
0.439198 	 0.000000
0.357849 	 1.000000
0.000000 	 0.000000
0.000000 	 0.000000
0.000000 	 0.000000
0.000000 	 0.000000
0.118036 	 0.691689
0.000000 	 0.000000
0.000000 	 0.000000
0.282288 	 0.000000
0.000000 	 0.000000
0.000000 	 0.000000
0.227948 	 0.000000
0.000000 	 0.000000
0.322103 	 0.000000
0.000000 	 0.000000
0.422958 	 1.000000
0.150456 	 0.000000
0.000000 	 0.000000
0.000000 	 0.000000
0.000000 	 0.000000
0.217242 	 0.196629
0.000000 	 0.000000
0.000000 	 0.000000
0.358184 	 1.000000
0.000000 	 0.000000
0.431004 	 1.000000
0.134574 	 0.125000
0.094056 	 0.170616
0.000000 	 0.000000
0.382916 	 1.000000
0.000000 	 0.000000
0.118957 	 0.186916
0.103032 	 0.530997
0.405594 	 0.000000
0.000000 	 0.000000
0.000000 	 0.000000
0.285538 	 0.000000
0.367915 	 0.000000
0.351267 	 0.258065
0.223552 	 0.000000
0.292438 	 0.105263
0.000000 	 0.000000
0.344875 	 0.000000
0.000000 	 0.000000
0.000000 	 0.000000
0.110684 	 0.452555
0.000000 	 0.000000
0.000000 	 0.000000
---------
0.344179 ( 25 )
---------

---------------------------------
Thresh 	 F_score
0.168677 	 0.890919
0.000000 	 0.000000
0.000000 	 0.000000
0.451747 	 0.000000
0.368074 	 1.000000
0.000000 	 0.000000
0.000000 	 0.000000
0.000000 	 0.000000
0.000000 	 0.000000
0.122479 	 0.688000
0.000000 	 0.000000
0.000000 	 0.000000
0.260560 	 0.000000
0.000000 	 0.000000
0.000000 	 0.000000
0.241195 	 0.000000
0.000000 	 0.000000
0.331306 	 0.000000
0.000000 	 0.000000
0.435043 	 1.000000
0.143083 	 0.000000
0.000000 	 0.000000
0.000000 	 0.000000
0.000000 	 0.000000
0.224034 	 0.175227
0.000000 	 0.000000
0.000000 	 0.000000
0.368418 	 1.000000
0.000000 	 0.000000
0.443318 	 1.000000
0.136948 	 0.121951
0.096774 	 0.154589
0.000000 	 0.000000
0.393856 	 1.000000
0.000000 	 0.000000
0.154720 	 0.156863
0.112710 	 0.549125
0.417183 	 0.000000
0.000000 	 0.000000
0.000000 	 0.000000
0.284039 	 0.000000
0.379213 	 0.000000
0.361303 	 0.258065
0.227452 	 0.000000
0.300793 	 0.105263
0.000000 	 0.000000
0.354729 	 0.000000
0.000000 	 0.000000
0.000000 	 0.000000
0.110133 	 0.452555
0.000000 	 0.000000
0.000000 	 0.000000
---------
0.342102 ( 25 )
---------

---------------------------------
Thresh 	 F_score
0.168205 	 0.882656
0.000000 	 0.000000
0.000000 	 0.000000
0.461158 	 0.000000
0.375742 	 1.000000
0.000000 	 0.000000
0.000000 	 0.000000
0.000000 	 0.000000
0.000000 	 0.000000
0.124388 	 0.702413
0.000000 	 0.000000
0.000000 	 0.000000
0.277019 	 0.000000
0.000000 	 0.000000
0.000000 	 0.000000
0.248972 	 0.000000
0.000000 	 0.000000
0.338209 	 0.000000
0.000000 	 0.000000
0.444106 	 1.000000
0.160847 	 0.000000
0.000000 	 0.000000
0.000000 	 0.000000
0.000000 	 0.000000
0.229628 	 0.187879
0.000000 	 0.000000
0.000000 	 0.000000
0.376093 	 1.000000
0.000000 	 0.000000
0.452554 	 1.000000
0.135325 	 0.118280
0.098657 	 0.169811
0.000000 	 0.000000
0.402062 	 1.000000
0.000000 	 0.000000
0.152348 	 0.138996
0.113944 	 0.547170
0.425874 	 0.000000
0.000000 	 0.000000
0.000000 	 0.000000
0.296659 	 0.000000
0.387687 	 0.000000
0.368830 	 0.258065
0.228725 	 0.000000
0.307060 	 0.105263
0.000000 	 0.000000
0.362119 	 0.000000
0.000000 	 0.000000
0.000000 	 0.000000
0.110759 	 0.452555
0.000000 	 0.000000
0.000000 	 0.000000
---------
0.342523 ( 25 )
---------
