
-------------------- Start --------------------

---------------------------------
Thresh 	 F_score
0.094230 	 0.869377
0.000000 	 0.000000
0.000000 	 0.000000
0.263519 	 0.000000
0.214710 	 0.000000
0.000000 	 0.000000
0.000000 	 0.000000
0.000000 	 0.000000
0.000000 	 0.000000
0.057612 	 0.634845
0.000000 	 0.000000
0.000000 	 0.000000
0.066471 	 0.000000
0.000000 	 0.000000
0.000000 	 0.000000
0.159990 	 0.000000
0.000000 	 0.000000
0.193262 	 0.000000
0.000000 	 0.000000
0.253775 	 1.000000
0.068598 	 0.012121
0.000000 	 0.000000
0.000000 	 0.000000
0.000000 	 0.000000
0.111785 	 0.359300
0.000000 	 0.000000
0.000000 	 0.000000
0.214910 	 0.000000
0.000000 	 0.000000
0.258602 	 1.000000
0.091184 	 0.113744
0.055974 	 0.165242
0.000000 	 0.000000
0.229749 	 0.000000
0.000000 	 0.000000
0.073381 	 0.214425
0.054899 	 0.560268
0.243357 	 0.000000
0.000000 	 0.000000
0.000000 	 0.000000
0.253771 	 0.000000
0.223501 	 0.000000
0.210760 	 0.212766
0.140386 	 0.000000
0.175463 	 0.250000
0.000000 	 0.000000
0.206925 	 0.000000
0.000000 	 0.000000
0.000000 	 0.000000
0.067940 	 0.348315
0.000000 	 0.000000
0.000000 	 0.000000
---------
0.229616 ( 25 )
---------

---------------------------------
Thresh 	 F_score
0.142172 	 0.882287
0.000000 	 0.000000
0.000000 	 0.000000
0.395278 	 0.000000
0.348757 	 1.000000
0.000000 	 0.000000
0.000000 	 0.000000
0.000000 	 0.000000
0.000000 	 0.000000
0.101751 	 0.682292
0.000000 	 0.000000
0.000000 	 0.000000
0.262727 	 0.000000
0.000000 	 0.000000
0.000000 	 0.000000
0.235378 	 0.000000
0.000000 	 0.000000
0.289893 	 0.000000
0.000000 	 0.000000
0.380663 	 1.000000
0.092476 	 0.014815
0.000000 	 0.000000
0.000000 	 0.000000
0.000000 	 0.000000
0.168530 	 0.309735
0.000000 	 0.000000
0.000000 	 0.000000
0.322365 	 1.000000
0.000000 	 0.000000
0.387903 	 1.000000
0.109598 	 0.121827
0.083929 	 0.177606
0.000000 	 0.000000
0.344624 	 1.000000
0.000000 	 0.000000
0.105190 	 0.150134
0.080041 	 0.556199
0.365035 	 0.000000
0.000000 	 0.000000
0.000000 	 0.000000
0.385754 	 0.000000
0.337384 	 0.000000
0.316140 	 0.250000
0.210898 	 0.000000
0.263194 	 0.105263
0.000000 	 0.000000
0.310388 	 0.000000
0.000000 	 0.000000
0.000000 	 0.000000
0.104376 	 0.436620
0.000000 	 0.000000
0.000000 	 0.000000
---------
0.347471 ( 25 )
---------

---------------------------------
Thresh 	 F_score
0.173028 	 0.887737
0.000000 	 0.000000
0.000000 	 0.000000
0.461158 	 0.000000
0.415780 	 1.000000
0.000000 	 0.000000
0.000000 	 0.000000
0.000000 	 0.000000
0.000000 	 0.000000
0.130389 	 0.711765
0.000000 	 0.000000
0.000000 	 0.000000
0.363972 	 0.000000
0.000000 	 0.000000
0.000000 	 0.000000
0.164260 	 0.000000
0.000000 	 0.000000
0.338209 	 0.000000
0.000000 	 0.000000
0.444106 	 1.000000
0.100717 	 0.030534
0.000000 	 0.000000
0.000000 	 0.000000
0.000000 	 0.000000
0.196563 	 0.293269
0.000000 	 0.000000
0.000000 	 0.000000
0.376093 	 1.000000
0.000000 	 0.000000
0.452554 	 1.000000
0.121850 	 0.117647
0.137578 	 0.164179
0.000000 	 0.000000
0.402062 	 1.000000
0.000000 	 0.000000
0.121020 	 0.142857
0.096743 	 0.542373
0.425874 	 0.000000
0.000000 	 0.000000
0.000000 	 0.000000
0.333371 	 0.000000
0.387606 	 0.000000
0.368830 	 0.258065
0.223167 	 0.000000
0.307060 	 0.105263
0.000000 	 0.000000
0.362119 	 0.000000
0.000000 	 0.000000
0.000000 	 0.000000
0.113139 	 0.516667
0.000000 	 0.000000
0.000000 	 0.000000
---------
0.350814 ( 25 )
---------

---------------------------------
Thresh 	 F_score
0.206248 	 0.895355
0.000000 	 0.000000
0.000000 	 0.000000
0.494098 	 0.000000
0.449292 	 1.000000
0.000000 	 0.000000
0.000000 	 0.000000
0.000000 	 0.000000
0.000000 	 0.000000
0.148567 	 0.744186
0.000000 	 0.000000
0.000000 	 0.000000
0.415110 	 0.000000
0.000000 	 0.000000
0.000000 	 0.000000
0.242241 	 0.000000
0.000000 	 0.000000
0.362366 	 0.000000
0.000000 	 0.000000
0.475828 	 1.000000
0.124129 	 0.038462
0.000000 	 0.000000
0.000000 	 0.000000
0.000000 	 0.000000
0.210859 	 0.265985
0.000000 	 0.000000
0.000000 	 0.000000
0.402957 	 1.000000
0.000000 	 0.000000
0.484879 	 1.000000
0.133631 	 0.098765
0.164976 	 0.200000
0.000000 	 0.000000
0.430780 	 1.000000
0.000000 	 0.000000
0.128692 	 0.185393
0.125835 	 0.535014
0.456294 	 0.000000
0.000000 	 0.000000
0.000000 	 0.000000
0.309015 	 0.000000
0.419437 	 0.000000
0.395175 	 0.200000
0.255187 	 0.000000
0.328993 	 0.105263
0.000000 	 0.000000
0.387985 	 0.000000
0.000000 	 0.000000
0.000000 	 0.000000
0.215655 	 0.689655
0.000000 	 0.000000
0.000000 	 0.000000
---------
0.358323 ( 25 )
---------

---------------------------------
Thresh 	 F_score
0.253101 	 0.889142
0.000000 	 0.000000
0.000000 	 0.000000
0.510568 	 0.000000
0.466048 	 1.000000
0.000000 	 0.000000
0.000000 	 0.000000
0.000000 	 0.000000
0.000000 	 0.000000
0.169455 	 0.770642
0.000000 	 0.000000
0.000000 	 0.000000
0.439870 	 0.000000
0.000000 	 0.000000
0.000000 	 0.000000
0.282670 	 0.000000
0.000000 	 0.000000
0.374445 	 0.000000
0.000000 	 0.000000
0.491689 	 1.000000
0.108665 	 0.037037
0.000000 	 0.000000
0.000000 	 0.000000
0.000000 	 0.000000
0.219442 	 0.266667
0.000000 	 0.000000
0.000000 	 0.000000
0.416389 	 1.000000
0.000000 	 0.000000
0.501042 	 1.000000
0.140764 	 0.117647
0.186585 	 0.229885
0.000000 	 0.000000
0.445140 	 1.000000
0.000000 	 0.000000
0.132503 	 0.163121
0.146439 	 0.551351
0.471503 	 0.000000
0.000000 	 0.000000
0.000000 	 0.000000
0.413469 	 0.000000
0.428633 	 0.000000
0.408348 	 0.200000
0.251833 	 0.000000
0.339959 	 0.105263
0.000000 	 0.000000
0.400918 	 0.000000
0.000000 	 0.000000
0.000000 	 0.000000
0.190863 	 0.696629
0.000000 	 0.000000
0.000000 	 0.000000
---------
0.361095 ( 25 )
---------

---------------------------------
Thresh 	 F_score
0.249660 	 0.881745
0.000000 	 0.000000
0.000000 	 0.000000
0.518803 	 0.000000
0.474426 	 1.000000
0.000000 	 0.000000
0.000000 	 0.000000
0.000000 	 0.000000
0.000000 	 0.000000
0.184182 	 0.782875
0.000000 	 0.000000
0.000000 	 0.000000
0.452340 	 0.000000
0.000000 	 0.000000
0.000000 	 0.000000
0.305882 	 0.000000
0.000000 	 0.000000
0.380485 	 0.000000
0.000000 	 0.000000
0.499620 	 1.000000
0.103931 	 0.031746
0.000000 	 0.000000
0.000000 	 0.000000
0.000000 	 0.000000
0.225576 	 0.260870
0.000000 	 0.000000
0.000000 	 0.000000
0.423105 	 1.000000
0.000000 	 0.000000
0.509123 	 1.000000
0.190650 	 0.139241
0.192567 	 0.204545
0.000000 	 0.000000
0.452319 	 1.000000
0.000000 	 0.000000
0.170003 	 0.102804
0.159004 	 0.569061
0.479108 	 0.000000
0.000000 	 0.000000
0.000000 	 0.000000
0.398980 	 0.000000
0.439950 	 0.000000
0.414934 	 0.200000
0.270528 	 0.000000
0.345442 	 0.105263
0.000000 	 0.000000
0.407384 	 0.000000
0.000000 	 0.000000
0.000000 	 0.000000
0.178042 	 0.688889
0.000000 	 0.000000
0.000000 	 0.000000
---------
0.358682 ( 25 )
---------

---------------------------------
Thresh 	 F_score
0.243136 	 0.900394
0.000000 	 0.000000
0.000000 	 0.000000
0.522920 	 0.000000
0.478615 	 1.000000
0.000000 	 0.000000
0.000000 	 0.000000
0.000000 	 0.000000
0.000000 	 0.000000
0.173355 	 0.772586
0.000000 	 0.000000
0.000000 	 0.000000
0.456306 	 0.000000
0.000000 	 0.000000
0.000000 	 0.000000
0.316357 	 0.000000
0.000000 	 0.000000
0.383504 	 0.000000
0.000000 	 0.000000
0.503585 	 1.000000
0.205973 	 0.000000
0.000000 	 0.000000
0.000000 	 0.000000
0.000000 	 0.000000
0.227196 	 0.240838
0.000000 	 0.000000
0.000000 	 0.000000
0.426463 	 1.000000
0.000000 	 0.000000
0.513164 	 1.000000
0.203793 	 0.075188
0.279147 	 0.225806
0.000000 	 0.000000
0.455909 	 1.000000
0.000000 	 0.000000
0.188668 	 0.136585
0.144224 	 0.538674
0.482911 	 0.000000
0.000000 	 0.000000
0.000000 	 0.000000
0.392073 	 0.000000
0.445609 	 0.000000
0.418227 	 0.200000
0.254354 	 0.000000
0.348184 	 0.111111
0.000000 	 0.000000
0.410617 	 0.000000
0.000000 	 0.000000
0.000000 	 0.000000
0.178937 	 0.688889
0.000000 	 0.000000
0.000000 	 0.000000
---------
0.355603 ( 25 )
---------

---------------------------------
Thresh 	 F_score
0.228098 	 0.910995
0.000000 	 0.000000
0.000000 	 0.000000
0.524979 	 0.000000
0.480709 	 1.000000
0.000000 	 0.000000
0.000000 	 0.000000
0.000000 	 0.000000
0.000000 	 0.000000
0.181299 	 0.779141
0.000000 	 0.000000
0.000000 	 0.000000
0.457993 	 0.000000
0.000000 	 0.000000
0.000000 	 0.000000
0.319672 	 0.000000
0.000000 	 0.000000
0.385014 	 0.000000
0.000000 	 0.000000
0.505568 	 1.000000
0.251159 	 0.054054
0.000000 	 0.000000
0.000000 	 0.000000
0.000000 	 0.000000
0.227436 	 0.247368
0.000000 	 0.000000
0.000000 	 0.000000
0.428142 	 1.000000
0.000000 	 0.000000
0.515184 	 1.000000
0.181472 	 0.046512
0.243426 	 0.231884
0.000000 	 0.000000
0.457704 	 1.000000
0.000000 	 0.000000
0.162397 	 0.161435
0.158449 	 0.528409
0.484812 	 0.000000
0.000000 	 0.000000
0.000000 	 0.000000
0.388620 	 0.000000
0.448438 	 0.000000
0.419874 	 0.200000
0.281840 	 0.000000
0.349554 	 0.111111
0.000000 	 0.000000
0.412234 	 0.000000
0.000000 	 0.000000
0.000000 	 0.000000
0.158724 	 0.651685
0.000000 	 0.000000
0.000000 	 0.000000
---------
0.356904 ( 25 )
---------

---------------------------------
Thresh 	 F_score
0.245551 	 0.902123
0.000000 	 0.000000
0.000000 	 0.000000
0.526008 	 0.000000
0.481756 	 1.000000
0.000000 	 0.000000
0.000000 	 0.000000
0.000000 	 0.000000
0.000000 	 0.000000
0.175925 	 0.786378
0.000000 	 0.000000
0.000000 	 0.000000
0.461189 	 0.000000
0.000000 	 0.000000
0.000000 	 0.000000
0.321329 	 0.000000
0.000000 	 0.000000
0.385769 	 0.000000
0.000000 	 0.000000
0.506559 	 1.000000
0.273509 	 0.105263
0.000000 	 0.000000
0.000000 	 0.000000
0.000000 	 0.000000
0.226936 	 0.240642
0.000000 	 0.000000
0.000000 	 0.000000
0.428981 	 1.000000
0.000000 	 0.000000
0.516194 	 1.000000
0.178243 	 0.111111
0.220265 	 0.233766
0.000000 	 0.000000
0.458601 	 1.000000
0.000000 	 0.000000
0.149367 	 0.167401
0.155704 	 0.549790
0.485763 	 0.000000
0.000000 	 0.000000
0.000000 	 0.000000
0.386894 	 0.000000
0.449853 	 0.000000
0.420697 	 0.200000
0.289371 	 0.000000
0.350240 	 0.111111
0.000000 	 0.000000
0.413042 	 0.000000
0.000000 	 0.000000
0.000000 	 0.000000
0.145824 	 0.681319
0.000000 	 0.000000
0.000000 	 0.000000
---------
0.363556 ( 25 )
---------

---------------------------------
Thresh 	 F_score
0.246706 	 0.913395
0.000000 	 0.000000
0.000000 	 0.000000
0.526523 	 0.000000
0.482280 	 1.000000
0.000000 	 0.000000
0.000000 	 0.000000
0.000000 	 0.000000
0.000000 	 0.000000
0.177609 	 0.776398
0.000000 	 0.000000
0.000000 	 0.000000
0.462779 	 0.000000
0.000000 	 0.000000
0.000000 	 0.000000
0.206843 	 0.000000
0.000000 	 0.000000
0.386147 	 0.000000
0.000000 	 0.000000
0.507055 	 1.000000
0.183286 	 0.078431
0.000000 	 0.000000
0.000000 	 0.000000
0.000000 	 0.000000
0.250140 	 0.156250
0.000000 	 0.000000
0.000000 	 0.000000
0.429401 	 1.000000
0.000000 	 0.000000
0.516699 	 1.000000
0.214277 	 0.095238
0.209422 	 0.219512
0.000000 	 0.000000
0.459050 	 1.000000
0.000000 	 0.000000
0.259374 	 0.187919
0.173540 	 0.565154
0.486238 	 0.000000
0.000000 	 0.000000
0.000000 	 0.000000
0.337394 	 0.000000
0.450560 	 0.000000
0.421109 	 0.200000
0.293352 	 0.000000
0.350582 	 0.105263
0.000000 	 0.000000
0.413446 	 0.000000
0.000000 	 0.000000
0.000000 	 0.000000
0.148337 	 0.681319
0.000000 	 0.000000
0.000000 	 0.000000
---------
0.359155 ( 25 )
---------

---------------------------------
Thresh 	 F_score
0.236921 	 0.903263
0.000000 	 0.000000
0.000000 	 0.000000
0.526780 	 0.000000
0.482542 	 1.000000
0.000000 	 0.000000
0.000000 	 0.000000
0.000000 	 0.000000
0.000000 	 0.000000
0.177263 	 0.760125
0.000000 	 0.000000
0.000000 	 0.000000
0.303328 	 0.000000
0.000000 	 0.000000
0.000000 	 0.000000
0.150149 	 0.000000
0.000000 	 0.000000
0.386335 	 0.000000
0.000000 	 0.000000
0.507302 	 1.000000
0.222636 	 0.081633
0.000000 	 0.000000
0.000000 	 0.000000
0.000000 	 0.000000
0.237006 	 0.173134
0.000000 	 0.000000
0.000000 	 0.000000
0.429611 	 1.000000
0.000000 	 0.000000
0.516952 	 1.000000
0.163082 	 0.117647
0.257419 	 0.215385
0.000000 	 0.000000
0.459275 	 1.000000
0.000000 	 0.000000
0.197781 	 0.164835
0.148954 	 0.557510
0.486476 	 0.000000
0.000000 	 0.000000
0.000000 	 0.000000
0.361702 	 0.000000
0.450914 	 0.000000
0.421314 	 0.200000
0.295249 	 0.000000
0.350754 	 0.111111
0.000000 	 0.000000
0.413648 	 0.000000
0.000000 	 0.000000
0.000000 	 0.000000
0.330692 	 0.743590
0.000000 	 0.000000
0.000000 	 0.000000
---------
0.361129 ( 25 )
---------
