0.218848,
0.328272,
0.382984,
0.410340,
0.424018,
0.430857,
0.434276,
0.435986,
0.436841,
0.437268,
0.437482,
0.437589,
0.437642,
0.437669,
0.437682,
0.437689,
0.437692,
0.437694,
0.437695,
0.437695,
0.437696,
0.437696,
0.437696,
0.437696,
0.437696,
0.437696,
0.437696,
0.437696,
0.437696,
0.437696,
0.437696,
0.437696,
0.437696,
0.437696,
0.437696,
0.437696,
0.437696,
0.437696,
0.437696,
0.437696,
0.437696,
0.437696,
0.437696,
0.437696,
0.437696,
0.437696,
0.437696,
0.437696,
0.437696,
0.437696,
0.437696,
0.437696,
0.437696,
0.437696,
0.437696,
0.437696,
0.437696,
0.437696,
0.437696,
0.437696,
0.437696,
0.437696,
0.437696,
0.437696,
0.437696,
0.437696,
0.437696,
0.437696,
0.437696,
0.437696,
0.437696,
0.437696,
0.437696,
0.437696,
0.437696,
0.437696,
0.437696,
0.437696,
0.437696,
0.437696,
0.437696,
0.437696,
0.437696,
0.437696,
0.437696,
0.437696,
0.437696,
0.437696,
0.437696,
0.437696,
0.437696,
0.437696,
0.437696,
0.437696,
0.437696,
0.437696,
0.437696,
0.437696,
0.437696,
0.437696,
0.437696,
0.437696,
0.437696,
0.437696,
0.437696,
0.437696,
0.437696,
0.437696,
0.437696,
0.437696,
0.437696,
0.437696,
0.437696,
0.437696,
0.437696,
0.437696,
0.437696,
0.437696,
0.437696,
0.437696,
0.437696,
0.437696,
0.437696,
0.437696,
0.437696,
0.437696,
0.437696,
0.437696,
0.437696,
0.437696,
0.437696,
0.437696,
0.437696,
0.437696,
0.437696,
0.437696,
0.437696,
0.437696,
0.437696,
0.437696,
0.437696,
0.437696,
0.437696,
0.437696,
0.437696,
0.437696,
0.437696,
0.437696,
0.437696,
0.437696,
0.437696,
0.437696,
0.437696,
0.437696,
0.437696,
0.437696,
0.437696,
0.437696,
0.437696,
0.437696,
0.437696,
0.437696,
0.437696,
0.437696,
0.437696,
0.437696,
0.437696,
0.437696,
0.437696,
0.437696,
0.437696,
0.437696,
0.437696,
0.437696,
0.437696,
0.437696,
0.437696,
0.437696,
0.437696,
0.437696,
0.437696,
0.437696,
0.437696,
0.437696,
0.437696,
0.437696,
0.437696,
0.437696,
0.437696,
0.437696,
0.437696,
0.437696,
0.437696,
0.437696,
0.437696,
0.437696,
0.437696,
0.437696,
0.437696,
0.437696,
0.437696,
