
,-----------------------------------------------------------------------------------------------,

,-------------------------------------,
c - -1.000000,g - -5.000000
2.546533,0.452045,0.500000,0.500000,
3.554514,0.630975,0.575023,0.424977,
4.245755,0.753680,0.681071,0.318929,
4.149397,0.736575,0.736974,0.263026,
4.190348,0.743844,0.729821,0.270179,
4.179283,0.741880,0.732884,0.267116,
4.186307,0.743127,0.732060,0.267940,
4.182858,0.742515,0.732583,0.267417,
4.186994,0.743249,0.732326,0.267674,
4.182858,0.742515,0.732634,0.267366,

Test_f_score-0.702210
,-------------------------------------,
c - -1.000000,g - -4.000000
3.331560,0.591398,0.500000,0.500000,
4.452313,0.790347,0.660477,0.339523,
4.310791,0.765225,0.751694,0.248306,
4.336336,0.769759,0.741697,0.258303,
4.330394,0.768705,0.743530,0.256470,
4.331132,0.768836,0.743105,0.256895,
4.331132,0.768836,0.743158,0.256842,

Test_f_score-0.714738
,-------------------------------------,
c - -1.000000,g - -3.000000
3.426403,0.608234,0.500000,0.500000,
4.545622,0.806911,0.669409,0.330591,
4.485007,0.796150,0.758082,0.241918,
4.490831,0.797184,0.753950,0.246050,
4.489862,0.797012,0.754350,0.245650,
4.490831,0.797184,0.754284,0.245716,

,-------------------------------------,
c - -1.000000,g - -2.000000
1.775085,0.315102,0.500000,0.500000,
1.278769,0.226999,0.464241,0.535759,
0.501208,0.088971,0.372338,0.627662,
0.000000,0.000000,0.177438,0.822562,
0.000000,0.000000,0.000000,1.000000,

,-------------------------------------,
c - -1.000000,g - -1.000000
0.032689,0.005803,0.500000,0.500000,
0.000000,0.000000,0.013303,0.986697,

,-------------------------------------,
c - 1.000000,g - -5.000000
4.392438,0.779718,0.500000,0.500000,
4.540469,0.805996,0.747511,0.252489,
4.516200,0.801688,0.757734,0.242266,
4.517164,0.801859,0.756085,0.243915,
4.517164,0.801859,0.756151,0.243849,

Test_f_score-0.733057
,-------------------------------------,
c - 1.000000,g - -4.000000
4.807139,0.853333,0.500000,0.500000,
4.754590,0.844005,0.775184,0.224816,
4.763329,0.845557,0.771839,0.228161,
4.759223,0.844828,0.772399,0.227601,
4.761275,0.845192,0.772136,0.227864,
4.761275,0.845192,0.772267,0.227733,

Test_f_score-0.746867
,-------------------------------------,
c - 1.000000,g - -3.000000
5.177536,0.919084,0.500000,0.500000,
5.006330,0.888693,0.797557,0.202443,
5.045929,0.895722,0.787470,0.212530,
5.034711,0.893731,0.789841,0.210159,
5.036951,0.894128,0.789172,0.210828,
5.036951,0.894128,0.789305,0.210695,

Test_f_score-0.743137
,-------------------------------------,
c - 1.000000,g - -2.000000
5.491907,0.974889,0.500000,0.500000,
5.340150,0.947950,0.815033,0.184967,
5.362380,0.951896,0.806759,0.193241,
5.362380,0.951896,0.807990,0.192010,

,-------------------------------------,
c - 1.000000,g - -1.000000
5.616942,0.997085,0.500000,0.500000,
5.555237,0.986131,0.821633,0.178367,
5.557895,0.986603,0.818400,0.181600,
5.557895,0.986603,0.818540,0.181460,

,-------------------------------------,
c - 2.000000,g - -5.000000
4.768542,0.846482,0.500000,0.500000,
4.687268,0.832055,0.772732,0.227268,
4.705319,0.835259,0.767488,0.232512,
4.701295,0.834545,0.768662,0.231338,
4.705319,0.835259,0.768401,0.231599,

,-------------------------------------,
c - 2.000000,g - -4.000000
5.163919,0.916667,0.500000,0.500000,
4.950459,0.878775,0.796770,0.203230,
4.998585,0.887318,0.784085,0.215915,
4.978784,0.883803,0.787004,0.212996,
4.985367,0.884971,0.785807,0.214193,
4.985367,0.884971,0.786206,0.213794,

Test_f_score-0.749818
,-------------------------------------,
c - 2.000000,g - -3.000000
5.495157,0.975466,0.500000,0.500000,
5.310795,0.942739,0.815207,0.184793,
5.332227,0.946544,0.805125,0.194875,
5.329771,0.946108,0.806319,0.193681,
5.329771,0.946108,0.806183,0.193817,

Test_f_score-0.749026
,-------------------------------------,
c - 2.000000,g - -2.000000
5.622427,0.998058,0.500000,0.500000,
5.507824,0.977715,0.821919,0.178081,
5.507824,0.977715,0.815884,0.184116,

,-------------------------------------,
c - 2.000000,g - -1.000000
5.633366,1.000000,0.500000,0.500000,
5.619739,0.997581,0.822486,0.177514,
5.619739,0.997581,0.821779,0.178221,

,-------------------------------------,
c - 3.000000,g - -5.000000
5.087274,0.903061,0.500000,0.500000,
4.857863,0.862338,0.792292,0.207708,
4.905445,0.870784,0.778371,0.221629,
4.899007,0.869641,0.781324,0.218676,
4.899007,0.869641,0.780927,0.219073,

,-------------------------------------,
c - 3.000000,g - -4.000000
5.413378,0.960949,0.500000,0.500000,
5.205128,0.923982,0.810789,0.189211,
5.223294,0.927207,0.799144,0.200856,
5.223294,0.927207,0.800183,0.199817,

Test_f_score-0.751964
,-------------------------------------,
c - 3.000000,g - -3.000000
5.605966,0.995136,0.500000,0.500000,
5.484419,0.973560,0.821061,0.178939,
5.500000,0.976326,0.814632,0.185368,
5.500000,0.976326,0.815466,0.184534,

,-------------------------------------,
c - 3.000000,g - -2.000000
5.633366,1.000000,0.500000,0.500000,
5.617021,0.997099,0.822486,0.177514,
5.617021,0.997099,0.821637,0.178363,

,-------------------------------------,
c - 3.000000,g - -1.000000
5.633366,1.000000,0.500000,0.500000,
5.633366,1.000000,0.822486,0.177514,

,-------------------------------------,
c - 4.000000,g - -5.000000
5.278464,0.937000,0.500000,0.500000,
5.108456,0.906821,0.803311,0.196689,
5.133632,0.911290,0.793538,0.206462,
5.126741,0.910067,0.795011,0.204989,
5.129036,0.910474,0.794608,0.205392,
5.129036,0.910474,0.794742,0.205258,

,-------------------------------------,
c - 4.000000,g - -4.000000
5.570193,0.988786,0.500000,0.500000,
5.427653,0.963483,0.819188,0.180812,
5.432740,0.964386,0.811566,0.188434,
5.432740,0.964386,0.811842,0.188158,

Test_f_score-0.755728
,-------------------------------------,
c - 4.000000,g - -3.000000
5.627902,0.999030,0.500000,0.500000,
5.606178,0.995174,0.822203,0.177797,
5.606178,0.995174,0.821073,0.178927,

,-------------------------------------,
c - 4.000000,g - -2.000000
5.633366,1.000000,0.500000,0.500000,
5.630635,0.999515,0.822486,0.177514,
5.630635,0.999515,0.822345,0.177655,

,-------------------------------------,
c - 4.000000,g - -1.000000
5.633366,1.000000,0.500000,0.500000,
5.633366,1.000000,0.822486,0.177514,

,-------------------------------------,
c - 5.000000,g - -5.000000
5.481262,0.973000,0.500000,0.500000,
5.322987,0.944904,0.814462,0.185538,
5.344808,0.948777,0.805805,0.194195,
5.334961,0.947029,0.807018,0.192982,
5.339880,0.947902,0.806471,0.193529,
5.339880,0.947902,0.806744,0.193256,

,-------------------------------------,
c - 5.000000,g - -4.000000
5.625166,0.998544,0.500000,0.500000,
5.552581,0.985660,0.822061,0.177939,
5.552581,0.985660,0.818260,0.181740,

,-------------------------------------,
c - 5.000000,g - -3.000000
5.633366,1.000000,0.500000,0.500000,
5.630635,0.999515,0.822486,0.177514,
5.630635,0.999515,0.822345,0.177655,

,-------------------------------------,
c - 5.000000,g - -2.000000
5.633366,1.000000,0.500000,0.500000,
5.633366,1.000000,0.822486,0.177514,

,-------------------------------------,
c - 5.000000,g - -1.000000
5.633366,1.000000,0.500000,0.500000,
5.633366,1.000000,0.822486,0.177514,

,-------------------------------------,
c - 6.000000,g - -5.000000
5.603241,0.994652,0.500000,0.500000,
5.481688,0.973075,0.820919,0.179081,
5.489467,0.974456,0.814485,0.185515,
5.489467,0.974456,0.814902,0.185098,

,-------------------------------------,
c - 6.000000,g - -4.000000
5.633366,1.000000,0.500000,0.500000,
5.625182,0.998547,0.822486,0.177514,
5.625182,0.998547,0.822062,0.177938,

,-------------------------------------,
c - 6.000000,g - -3.000000
5.633366,1.000000,0.500000,0.500000,
5.633366,1.000000,0.822486,0.177514,

,-------------------------------------,
c - 6.000000,g - -2.000000
5.633366,1.000000,0.500000,0.500000,
5.633366,1.000000,0.822486,0.177514,

,-------------------------------------,
c - 6.000000,g - -1.000000
5.633366,1.000000,0.500000,0.500000,
5.633366,1.000000,0.822486,0.177514,

,-------------------------------------,
c - 7.000000,g - -5.000000
5.627902,0.999030,0.500000,0.500000,
5.600771,0.994214,0.822203,0.177797,
5.600771,0.994214,0.820790,0.179210,

,-------------------------------------,
c - 7.000000,g - -4.000000
5.633366,1.000000,0.500000,0.500000,
5.630635,0.999515,0.822486,0.177514,
5.630635,0.999515,0.822345,0.177655,

,-------------------------------------,
c - 7.000000,g - -3.000000
5.633366,1.000000,0.500000,0.500000,
5.633366,1.000000,0.822486,0.177514,

,-------------------------------------,
c - 7.000000,g - -2.000000
5.633366,1.000000,0.500000,0.500000,
5.633366,1.000000,0.822486,0.177514,

,-------------------------------------,
c - 7.000000,g - -1.000000
5.633366,1.000000,0.500000,0.500000,
5.633366,1.000000,0.822486,0.177514,

,-------------------------------------,
c - 8.000000,g - -5.000000
5.633366,1.000000,0.500000,0.500000,
5.625182,0.998547,0.822486,0.177514,
5.625182,0.998547,0.822062,0.177938,

,-------------------------------------,
c - 8.000000,g - -4.000000
5.633366,1.000000,0.500000,0.500000,
5.633366,1.000000,0.822486,0.177514,

,-------------------------------------,
c - 8.000000,g - -3.000000
5.633366,1.000000,0.500000,0.500000,
5.633366,1.000000,0.822486,0.177514,

,-------------------------------------,
c - 8.000000,g - -2.000000
5.633366,1.000000,0.500000,0.500000,
5.633366,1.000000,0.822486,0.177514,

,-------------------------------------,
c - 8.000000,g - -1.000000
5.633366,1.000000,0.500000,0.500000,
5.633366,1.000000,0.822486,0.177514,

,-------------------------------------,
c - 9.000000,g - -5.000000
5.633366,1.000000,0.500000,0.500000,
5.630635,0.999515,0.822486,0.177514,
5.630635,0.999515,0.822345,0.177655,

,-------------------------------------,
c - 9.000000,g - -4.000000
5.633366,1.000000,0.500000,0.500000,
5.633366,1.000000,0.822486,0.177514,

,-------------------------------------,
c - 9.000000,g - -3.000000
5.633366,1.000000,0.500000,0.500000,
5.633366,1.000000,0.822486,0.177514,

,-------------------------------------,
c - 9.000000,g - -2.000000
5.633366,1.000000,0.500000,0.500000,
5.633366,1.000000,0.822486,0.177514,

,-------------------------------------,
c - 9.000000,g - -1.000000
5.633366,1.000000,0.500000,0.500000,
5.633366,1.000000,0.822486,0.177514,

,-------------------------------------,
c - 10.000000,g - -5.000000
5.633366,1.000000,0.500000,0.500000,
5.633366,1.000000,0.822486,0.177514,

,-------------------------------------,
c - 10.000000,g - -4.000000
5.633366,1.000000,0.500000,0.500000,
5.633366,1.000000,0.822486,0.177514,

,-------------------------------------,
c - 10.000000,g - -3.000000
5.633366,1.000000,0.500000,0.500000,
5.633366,1.000000,0.822486,0.177514,

,-------------------------------------,
c - 10.000000,g - -2.000000
5.633366,1.000000,0.500000,0.500000,
5.633366,1.000000,0.822486,0.177514,

,-------------------------------------,
c - 10.000000,g - -1.000000
5.633366,1.000000,0.500000,0.500000,
5.633366,1.000000,0.822486,0.177514,


best_c,best_g,v_trn_best,best_v_cv,best_maximizing_function
4.000000,0.062500,0.964386,0.795455,4.548128,
------------------------------------------------

Test_f_score- 0.755728