
-------------------- Start --------------------

---------------------------------
Thresh 	 F_score
0.169599 	 0.915550
0.136662 	 1.000000
0.127790 	 1.000000
0.029111 	 0.000000
0.085921 	 1.000000
0.218547 	 0.000000
0.105800 	 0.000000
0.102797 	 1.000000
0.019049 	 0.000000
0.079969 	 0.807571
0.181998 	 1.000000
0.216262 	 0.000000
0.324667 	 0.000000
0.068264 	 0.000000
0.180805 	 1.000000
0.037775 	 0.148148
0.187144 	 1.000000
0.083967 	 0.000000
0.168607 	 1.000000
0.143315 	 1.000000
0.126441 	 0.415584
0.048938 	 0.000000
0.031176 	 0.000000
0.068371 	 0.000000
0.090914 	 0.446667
0.170901 	 1.000000
0.097532 	 1.000000
0.022926 	 0.000000
0.102797 	 1.000000
0.204890 	 1.000000
0.083903 	 0.129630
0.107776 	 0.289474
0.234391 	 0.000000
0.103944 	 1.000000
0.081376 	 0.000000
0.080073 	 0.202643
0.106945 	 0.531250
0.118958 	 0.000000
0.047856 	 0.000000
0.123206 	 1.000000
0.127266 	 0.000000
0.023920 	 0.043478
0.045176 	 0.555556
0.071375 	 0.484375
0.049528 	 0.269231
0.044485 	 0.232558
0.130834 	 0.000000
0.129359 	 1.000000
0.216810 	 1.000000
0.055266 	 0.741573
0.105758 	 0.000000
0.000000 	 0.000000
---------
0.455163 ( 51 ) precision 0.559499  recall 0.688592  f-micro 0.617369 
---------

---------------------------------
Thresh 	 F_score
0.225441 	 0.905526
0.204993 	 1.000000
0.195267 	 1.000000
0.036322 	 0.000000
0.154007 	 1.000000
0.327821 	 0.000000
0.165087 	 0.000000
0.154195 	 1.000000
0.029760 	 0.000000
0.123262 	 0.816993
0.272998 	 1.000000
0.324393 	 0.000000
0.490523 	 0.029851
0.107814 	 0.000000
0.271208 	 1.000000
0.048396 	 0.222222
0.280715 	 1.000000
0.125928 	 0.000000
0.252910 	 1.000000
0.214973 	 1.000000
0.152220 	 0.366667
0.121780 	 1.000000
0.047470 	 0.000000
0.063192 	 0.000000
0.142625 	 0.335570
0.256351 	 1.000000
0.151993 	 1.000000
0.111338 	 0.000000
0.154195 	 1.000000
0.307335 	 1.000000
0.138227 	 0.133333
0.154866 	 0.294118
0.351586 	 0.000000
0.155916 	 1.000000
0.122052 	 0.000000
0.131997 	 0.153846
0.144967 	 0.437358
0.181371 	 0.000000
0.126327 	 1.000000
0.184809 	 1.000000
0.192043 	 0.000000
0.038816 	 0.086957
0.111690 	 0.581818
0.105937 	 0.319149
0.143473 	 0.100000
0.056999 	 0.238095
0.196252 	 0.000000
0.194066 	 1.000000
0.325216 	 1.000000
0.081281 	 0.738095
0.158637 	 0.000000
0.000000 	 0.000000
---------
0.485482 ( 51 ) precision 0.599093  recall 0.644656  f-micro 0.621040 
---------

---------------------------------
Thresh 	 F_score
0.305325 	 0.916959
0.256834 	 1.000000
0.258908 	 1.000000
0.041099 	 0.000000
0.188036 	 1.000000
0.382457 	 0.000000
0.196565 	 0.000000
0.179894 	 1.000000
0.035801 	 0.000000
0.139372 	 0.849498
0.318497 	 1.000000
0.378459 	 0.000000
0.400177 	 0.029851
0.124386 	 0.000000
0.316409 	 1.000000
0.071368 	 0.333333
0.327501 	 1.000000
0.146866 	 0.000000
0.295062 	 1.000000
0.250802 	 1.000000
0.218512 	 0.343750
0.171471 	 1.000000
0.063653 	 0.000000
0.059198 	 0.181818
0.161390 	 0.329114
0.299076 	 1.000000
0.173900 	 1.000000
0.078589 	 1.000000
0.179894 	 1.000000
0.358558 	 1.000000
0.194335 	 0.109589
0.180900 	 0.276923
0.410184 	 0.000000
0.181902 	 1.000000
0.142382 	 0.000000
0.149585 	 0.152866
0.156121 	 0.451163
0.226080 	 0.000000
0.114019 	 1.000000
0.318392 	 1.000000
0.268642 	 0.000000
0.188193 	 0.000000
0.106168 	 0.596491
0.126155 	 0.347826
0.145497 	 0.100000
0.079438 	 0.312500
0.228960 	 0.000000
0.226419 	 1.000000
0.379418 	 1.000000
0.097759 	 0.727273
0.185077 	 0.000000
0.000000 	 0.000000
---------
0.510960 ( 51 ) precision 0.624262  recall 0.633779  f-micro 0.628984 
---------

---------------------------------
Thresh 	 F_score
0.346803 	 0.919139
0.272597 	 1.000000
0.290728 	 1.000000
0.043858 	 0.000000
0.200766 	 1.000000
0.409776 	 0.000000
0.212304 	 0.000000
0.222250 	 1.000000
0.037445 	 0.000000
0.160439 	 0.830065
0.341247 	 1.000000
0.405492 	 0.000000
0.355998 	 0.029851
0.133204 	 0.000000
0.339010 	 1.000000
0.103213 	 0.333333
0.350894 	 1.000000
0.157488 	 0.000000
0.316137 	 1.000000
0.268716 	 1.000000
0.239706 	 0.405797
0.134894 	 1.000000
0.078152 	 0.000000
0.122602 	 0.000000
0.176248 	 0.371991
0.320439 	 1.000000
0.182700 	 1.000000
0.139430 	 0.000000
0.192744 	 1.000000
0.384169 	 1.000000
0.272552 	 0.139535
0.191924 	 0.250000
0.439482 	 0.000000
0.194895 	 1.000000
0.152530 	 0.000000
0.162342 	 0.162500
0.186977 	 0.505447
0.248291 	 0.000000
0.159409 	 1.000000
0.385183 	 1.000000
0.262172 	 0.000000
0.262881 	 0.000000
0.102661 	 0.535714
0.161872 	 0.433962
0.226642 	 0.210526
0.069827 	 0.294118
0.287873 	 0.000000
0.242596 	 1.000000
0.406519 	 1.000000
0.113976 	 0.740741
0.198297 	 0.000000
0.000000 	 0.000000
---------
0.493387 ( 51 ) precision 0.637197  recall 0.634250  f-micro 0.635720 
---------

---------------------------------
Thresh 	 F_score
0.265377 	 0.918033
0.292171 	 1.000000
0.273176 	 1.000000
0.045253 	 0.000000
0.211373 	 1.000000
0.423435 	 0.000000
0.216811 	 0.000000
0.243429 	 1.000000
0.039875 	 0.000000
0.177177 	 0.856187
0.352622 	 1.000000
0.419008 	 1.000000
0.333505 	 0.058824
0.128967 	 0.000000
0.350310 	 1.000000
0.121712 	 0.333333
0.362591 	 1.000000
0.162794 	 0.000000
0.326675 	 1.000000
0.277673 	 1.000000
0.261565 	 0.410959
0.183477 	 1.000000
0.116908 	 0.000000
0.156453 	 0.000000
0.188642 	 0.323529
0.331120 	 1.000000
0.189247 	 1.000000
0.092634 	 1.000000
0.199169 	 1.000000
0.396975 	 1.000000
0.264212 	 0.144578
0.211002 	 0.258065
0.454132 	 0.000000
0.201392 	 1.000000
0.157684 	 0.000000
0.173863 	 0.176101
0.335432 	 0.273810
0.243292 	 0.000000
0.130215 	 1.000000
0.418579 	 1.000000
0.258917 	 0.000000
0.299945 	 0.000000
0.101688 	 0.586207
0.189998 	 0.354167
0.273340 	 0.210526
0.066082 	 0.303030
0.274771 	 0.000000
0.250685 	 1.000000
0.420070 	 1.000000
0.120276 	 0.759494
0.205041 	 0.000000
0.000000 	 0.000000
---------
0.528762 ( 51 ) precision 0.649466  recall 0.624769  f-micro 0.636878 
---------

---------------------------------
Thresh 	 F_score
0.213403 	 0.905526
0.300423 	 1.000000
0.297862 	 1.000000
0.045951 	 0.000000
0.216676 	 1.000000
0.430264 	 0.000000
0.224108 	 0.000000
0.254018 	 1.000000
0.038932 	 0.000000
0.187438 	 0.841379
0.358309 	 1.000000
0.425766 	 1.000000
0.349451 	 0.058824
0.123060 	 0.000000
0.355961 	 1.000000
0.128770 	 0.333333
0.368439 	 1.000000
0.165452 	 0.000000
0.331944 	 1.000000
0.282152 	 1.000000
0.238846 	 0.410959
0.207784 	 1.000000
0.139429 	 0.000000
0.177930 	 0.000000
0.190582 	 0.322892
0.336461 	 1.000000
0.192521 	 1.000000
0.069247 	 0.000000
0.202381 	 1.000000
0.403377 	 1.000000
0.257659 	 0.140845
0.224885 	 0.253968
0.461456 	 0.000000
0.204640 	 1.000000
0.160260 	 0.000000
0.172731 	 0.179487
0.268861 	 0.377953
0.240830 	 0.000000
0.115814 	 1.000000
0.435277 	 1.000000
0.257310 	 0.000000
0.318735 	 0.000000
0.097410 	 0.586207
0.199680 	 0.395833
0.296180 	 0.000000
0.089842 	 0.285714
0.310779 	 0.000000
0.254729 	 1.000000
0.426845 	 1.000000
0.120654 	 0.759494
0.206115 	 0.000000
0.000000 	 0.000000
---------
0.506910 ( 51 ) precision 0.657499  recall 0.618362  f-micro 0.637331 
---------

---------------------------------
Thresh 	 F_score
0.208922 	 0.899522
0.311730 	 1.000000
0.310205 	 1.000000
0.046300 	 0.000000
0.219513 	 1.000000
0.433679 	 0.000000
0.227590 	 0.000000
0.259312 	 1.000000
0.040306 	 0.000000
0.183733 	 0.840000
0.361153 	 1.000000
0.429145 	 1.000000
0.321917 	 0.029851
0.121598 	 0.000000
0.358786 	 1.000000
0.120331 	 0.333333
0.371363 	 1.000000
0.166781 	 0.000000
0.334579 	 1.000000
0.284391 	 1.000000
0.254947 	 0.421053
0.219807 	 1.000000
0.101499 	 0.000000
0.115261 	 0.000000
0.195910 	 0.297229
0.339131 	 1.000000
0.194158 	 1.000000
0.057549 	 0.000000
0.203987 	 1.000000
0.406579 	 1.000000
0.255861 	 0.148148
0.233426 	 0.233333
0.465119 	 0.000000
0.206264 	 1.000000
0.161549 	 0.000000
0.172920 	 0.167742
0.373380 	 0.325581
0.273217 	 0.000000
0.160507 	 1.000000
0.443626 	 1.000000
0.279631 	 0.000000
0.328130 	 0.000000
0.099597 	 0.586207
0.199470 	 0.288660
0.237845 	 0.000000
0.079861 	 0.342857
0.328783 	 0.000000
0.256751 	 1.000000
0.430233 	 1.000000
0.119298 	 0.725000
0.206652 	 0.000000
0.000000 	 0.000000
---------
0.502716 ( 51 ) precision 0.662372  recall 0.611364  f-micro 0.635847 
---------

---------------------------------
Thresh 	 F_score
0.263249 	 0.919420
0.317768 	 1.000000
0.316377 	 1.000000
0.046474 	 0.000000
0.220744 	 1.000000
0.435387 	 0.000000
0.229331 	 0.000000
0.261960 	 1.000000
0.041057 	 0.000000
0.208614 	 0.851351
0.362575 	 1.000000
0.430835 	 1.000000
0.254004 	 0.028571
0.124004 	 0.000000
0.360198 	 1.000000
0.130251 	 0.333333
0.372825 	 1.000000
0.167446 	 0.000000
0.335896 	 1.000000
0.285511 	 1.000000
0.267459 	 0.339623
0.158454 	 1.000000
0.080257 	 0.000000
0.155543 	 0.000000
0.223735 	 0.291317
0.340466 	 1.000000
0.193414 	 1.000000
0.051693 	 0.000000
0.204790 	 1.000000
0.408180 	 1.000000
0.272456 	 0.156250
0.237433 	 0.229508
0.466950 	 0.000000
0.207076 	 1.000000
0.162193 	 0.000000
0.186918 	 0.145695
0.291006 	 0.401042
0.288299 	 0.000000
0.182854 	 1.000000
0.447800 	 1.000000
0.290791 	 0.000000
0.332827 	 0.000000
0.098570 	 0.581818
0.256126 	 0.318182
0.290392 	 0.111111
0.075955 	 0.322581
0.337785 	 0.000000
0.257762 	 1.000000
0.431927 	 1.000000
0.126334 	 0.743590
0.206920 	 0.000000
0.000000 	 0.000000
---------
0.505361 ( 51 ) precision 0.670156  recall 0.608684  f-micro 0.637943 
---------

---------------------------------
Thresh 	 F_score
0.185459 	 0.917056
0.320787 	 1.000000
0.319462 	 1.000000
0.046561 	 0.000000
0.221360 	 1.000000
0.436240 	 0.000000
0.230202 	 0.000000
0.263283 	 1.000000
0.041936 	 0.000000
0.204156 	 0.847458
0.363286 	 1.000000
0.431680 	 1.000000
0.281275 	 0.082192
0.117625 	 0.000000
0.360904 	 1.000000
0.146588 	 0.333333
0.373556 	 1.000000
0.167778 	 0.000000
0.336555 	 1.000000
0.286071 	 1.000000
0.282575 	 0.426966
0.121891 	 1.000000
0.077198 	 0.000000
0.104068 	 0.000000
0.171674 	 0.335135
0.341134 	 1.000000
0.199934 	 1.000000
0.141995 	 1.000000
0.205192 	 1.000000
0.408980 	 1.000000
0.176633 	 0.216216
0.258072 	 0.233333
0.467866 	 0.000000
0.207482 	 1.000000
0.162515 	 0.000000
0.178163 	 0.168831
0.235990 	 0.420253
0.296057 	 0.000000
0.194027 	 1.000000
0.449888 	 1.000000
0.296371 	 0.000000
0.335176 	 0.000000
0.094096 	 0.592593
0.248658 	 0.297872
0.244563 	 0.111111
0.084842 	 0.307692
0.342286 	 0.000000
0.258267 	 1.000000
0.432774 	 1.000000
0.129245 	 0.750000
0.207055 	 0.000000
0.000000 	 0.000000
---------
0.530197 ( 51 ) precision 0.675592  recall 0.607971  f-micro 0.640000 
---------

---------------------------------
Thresh 	 F_score
0.180613 	 0.912941
0.322296 	 1.000000
0.321005 	 1.000000
0.046605 	 0.000000
0.221668 	 1.000000
0.436667 	 0.000000
0.230637 	 0.000000
0.263945 	 1.000000
0.059585 	 0.000000
0.219481 	 0.855219
0.363641 	 1.000000
0.432102 	 1.000000
0.218129 	 0.105263
0.121363 	 0.000000
0.361258 	 1.000000
0.154817 	 0.363636
0.373922 	 1.000000
0.167944 	 0.000000
0.336884 	 1.000000
0.286351 	 1.000000
0.283604 	 0.383838
0.176861 	 1.000000
0.075986 	 0.000000
0.152651 	 0.000000
0.178131 	 0.327711
0.341468 	 1.000000
0.195717 	 1.000000
0.093924 	 1.000000
0.205393 	 1.000000
0.409380 	 1.000000
0.240453 	 0.139535
0.268217 	 0.271186
0.468323 	 0.000000
0.207685 	 1.000000
0.162676 	 0.000000
0.188318 	 0.143791
0.214420 	 0.420792
0.284037 	 0.000000
0.199614 	 1.000000
0.450931 	 1.000000
0.276017 	 0.000000
0.194442 	 0.000000
0.094289 	 0.586207
0.216737 	 0.200000
0.293068 	 0.000000
0.081225 	 0.240000
0.344536 	 0.000000
0.258520 	 1.000000
0.433197 	 1.000000
0.125470 	 0.725000
0.207122 	 0.000000
0.000000 	 0.000000
---------
0.523042 ( 51 ) precision 0.677255  recall 0.606989  f-micro 0.640199 
---------

---------------------------------
Thresh 	 F_score
0.296899 	 0.919109
0.323051 	 1.000000
0.321777 	 1.000000
0.046627 	 0.000000
0.221822 	 1.000000
0.436881 	 0.000000
0.230854 	 0.000000
0.264276 	 1.000000
0.049632 	 0.000000
0.202301 	 0.850340
0.363819 	 1.000000
0.432313 	 1.000000
0.248110 	 0.105263
0.128316 	 0.000000
0.361434 	 1.000000
0.146557 	 0.333333
0.374104 	 1.000000
0.168027 	 0.000000
0.337049 	 1.000000
0.286491 	 1.000000
0.249560 	 0.307692
0.204346 	 1.000000
0.172481 	 0.000000
0.180537 	 0.000000
0.196974 	 0.323383
0.341635 	 1.000000
0.201067 	 1.000000
0.069883 	 1.000000
0.205493 	 1.000000
0.409580 	 1.000000
0.203975 	 0.190476
0.272644 	 0.253968
0.468552 	 0.000000
0.207787 	 1.000000
0.162757 	 0.000000
0.178939 	 0.157895
0.206766 	 0.415274
0.277998 	 0.000000
0.202407 	 1.000000
0.451453 	 1.000000
0.288985 	 0.000000
0.124075 	 0.000000
0.092240 	 0.586207
0.233945 	 0.322581
0.284140 	 0.210526
0.084012 	 0.279070
0.345661 	 0.000000
0.258646 	 1.000000
0.433409 	 1.000000
0.129706 	 0.734177
0.207155 	 0.000000
0.000000 	 0.000000
---------
0.529202 ( 51 ) precision 0.679364  recall 0.606559  f-micro 0.640900 
---------

---------------------------------
Thresh 	 F_score
0.257505 	 0.909518
0.323428 	 1.000000
0.322162 	 1.000000
0.046464 	 0.000000
0.221899 	 1.000000
0.436987 	 0.000000
0.230963 	 0.000000
0.264441 	 1.000000
0.045853 	 0.000000
0.199141 	 0.831081
0.363908 	 1.000000
0.432419 	 1.000000
0.278645 	 0.109589
0.124998 	 0.000000
0.361522 	 1.000000
0.123483 	 0.363636
0.374196 	 1.000000
0.168069 	 0.000000
0.337131 	 1.000000
0.286561 	 1.000000
0.233659 	 0.395604
0.218089 	 1.000000
0.261335 	 0.000000
0.194480 	 0.000000
0.192447 	 0.297561
0.341718 	 1.000000
0.203742 	 1.000000
0.057864 	 0.000000
0.205543 	 1.000000
0.409680 	 1.000000
0.254528 	 0.164706
0.274742 	 0.262295
0.468667 	 0.000000
0.207838 	 1.000000
0.162797 	 0.000000
0.191736 	 0.125874
0.219086 	 0.401937
0.274081 	 0.000000
0.203804 	 1.000000
0.451714 	 1.000000
0.296210 	 0.000000
0.088892 	 0.000000
0.094438 	 0.586207
0.202661 	 0.440000
0.202529 	 0.160000
0.084787 	 0.294118
0.346224 	 0.000000
0.258710 	 1.000000
0.433515 	 1.000000
0.131087 	 0.743590
0.207172 	 0.000000
0.000000 	 0.000000
---------
0.511485 ( 51 ) precision 0.679702  recall 0.605858  f-micro 0.640659 
---------

---------------------------------
Thresh 	 F_score
0.196954 	 0.914819
0.323617 	 1.000000
0.322355 	 1.000000
0.052676 	 0.000000
0.221937 	 1.000000
0.437041 	 0.000000
0.231018 	 0.000000
0.264524 	 1.000000
0.054365 	 0.000000
0.201899 	 0.836735
0.363952 	 1.000000
0.432472 	 1.000000
0.296017 	 0.106667
0.104274 	 0.000000
0.361567 	 1.000000
0.119068 	 0.333333
0.374241 	 1.000000
0.168090 	 0.000000
0.337172 	 1.000000
0.286596 	 1.000000
0.226487 	 0.411765
0.224960 	 1.000000
0.168309 	 0.000000
0.123991 	 0.000000
0.198607 	 0.308861
0.341760 	 1.000000
0.205080 	 1.000000
0.051853 	 0.000000
0.205568 	 1.000000
0.409730 	 1.000000
0.290469 	 0.141176
0.275511 	 0.262295
0.468724 	 0.000000
0.207863 	 1.000000
0.162817 	 0.000000
0.197602 	 0.125000
0.206216 	 0.461894
0.256994 	 0.000000
0.204502 	 1.000000
0.451844 	 1.000000
0.275936 	 0.000000
0.071300 	 0.000000
0.098302 	 0.586207
0.195981 	 0.323232
0.246738 	 0.095238
0.097940 	 0.272727
0.346505 	 0.000000
0.258741 	 1.000000
0.433568 	 1.000000
0.135223 	 0.750000
0.207180 	 0.000000
0.000000 	 0.000000
---------
0.508430 ( 51 ) precision 0.680654  recall 0.605937  f-micro 0.641126 
---------

---------------------------------
Thresh 	 F_score
0.280043 	 0.914585
0.323711 	 1.000000
0.322452 	 1.000000
0.055782 	 0.000000
0.221957 	 1.000000
0.437067 	 0.000000
0.231045 	 0.000000
0.264566 	 1.000000
0.121413 	 0.000000
0.215093 	 0.834483
0.363975 	 1.000000
0.432498 	 1.000000
0.299548 	 0.082192
0.113558 	 0.000000
0.361589 	 1.000000
0.116464 	 0.333333
0.374264 	 1.000000
0.168100 	 0.000000
0.337193 	 1.000000
0.286613 	 1.000000
0.229860 	 0.363636
0.228396 	 1.000000
0.107388 	 0.000000
0.166207 	 0.000000
0.229660 	 0.277008
0.341781 	 1.000000
0.205748 	 1.000000
0.048844 	 0.000000
0.205581 	 1.000000
0.409755 	 1.000000
0.299408 	 0.195652
0.274724 	 0.266667
0.468753 	 0.000000
0.207876 	 1.000000
0.162827 	 0.000000
0.183590 	 0.132450
0.348881 	 0.298246
0.263683 	 0.000000
0.204851 	 1.000000
0.451910 	 1.000000
0.265801 	 0.000000
0.062504 	 0.000000
0.099888 	 0.509091
0.195250 	 0.361702
0.241792 	 0.100000
0.096566 	 0.333333
0.346646 	 0.000000
0.258757 	 1.000000
0.433594 	 1.000000
0.134238 	 0.759494
0.207185 	 0.000000
0.000000 	 0.000000
---------
0.505135 ( 51 ) precision 0.682231  recall 0.603876  f-micro 0.640667 
---------

---------------------------------
Thresh 	 F_score
0.286231 	 0.895122
0.323758 	 1.000000
0.322500 	 1.000000
0.051216 	 0.000000
0.221966 	 1.000000
0.437081 	 0.000000
0.231058 	 0.000000
0.264586 	 1.000000
0.085628 	 0.000000
0.224162 	 0.839161
0.363986 	 1.000000
0.432511 	 1.000000
0.319311 	 0.054795
0.102321 	 0.000000
0.361600 	 1.000000
0.139860 	 0.333333
0.374276 	 1.000000
0.168105 	 0.000000
0.337203 	 1.000000
0.286622 	 1.000000
0.249068 	 0.395833
0.230113 	 1.000000
0.229666 	 0.000000
0.170732 	 0.000000
0.227264 	 0.283333
0.341791 	 1.000000
0.206083 	 1.000000
0.047343 	 0.000000
0.205587 	 1.000000
0.409768 	 1.000000
0.274223 	 0.136364
0.274805 	 0.253968
0.468767 	 0.000000
0.207882 	 1.000000
0.162832 	 0.000000
0.191846 	 0.145695
0.273796 	 0.372703
0.267821 	 0.000000
0.205026 	 1.000000
0.451942 	 1.000000
0.260732 	 0.000000
0.058106 	 0.000000
0.101052 	 0.566667
0.206599 	 0.329897
0.291927 	 0.181818
0.098570 	 0.303030
0.346716 	 0.000000
0.258765 	 1.000000
0.433608 	 1.000000
0.138104 	 0.763158
0.207187 	 0.000000
0.000000 	 0.000000
---------
0.506958 ( 51 ) precision 0.683110  recall 0.601062  f-micro 0.639465 
---------

---------------------------------
Thresh 	 F_score
0.216799 	 0.916473
0.316876 	 1.000000
0.322524 	 1.000000
0.048758 	 0.000000
0.221983 	 1.000000
0.437087 	 0.000000
0.231065 	 0.000000
0.264597 	 1.000000
0.070098 	 0.000000
0.218553 	 0.838926
0.363991 	 1.000000
0.432518 	 1.000000
0.482987 	 0.029412
0.107698 	 0.000000
0.361605 	 1.000000
0.151720 	 0.333333
0.374281 	 1.000000
0.168108 	 0.000000
0.337208 	 1.000000
0.286626 	 1.000000
0.237175 	 0.400000
0.157911 	 1.000000
0.293584 	 0.000000
0.111818 	 0.000000
0.228674 	 0.287293
0.341796 	 1.000000
0.206250 	 1.000000
0.046592 	 0.000000
0.205590 	 1.000000
0.409774 	 1.000000
0.295658 	 0.133333
0.274995 	 0.262295
0.468774 	 0.000000
0.207885 	 1.000000
0.162835 	 0.000000
0.197653 	 0.094595
0.249625 	 0.413437
0.268993 	 0.000000
0.205113 	 1.000000
0.451959 	 1.000000
0.258199 	 0.000000
0.055907 	 0.000000
0.098373 	 0.561404
0.217482 	 0.416667
0.210810 	 0.000000
0.113555 	 0.320000
0.346751 	 0.000000
0.258769 	 1.000000
0.433614 	 1.000000
0.138383 	 0.736842
0.207188 	 0.000000
0.000000 	 0.000000
---------
0.504784 ( 51 ) precision 0.685098  recall 0.600495  f-micro 0.640012 
---------

---------------------------------
Thresh 	 F_score
0.255092 	 0.889706
0.320341 	 1.000000
0.322536 	 1.000000
0.053826 	 0.000000
0.221991 	 1.000000
0.437091 	 0.000000
0.231069 	 0.000000
0.264602 	 1.000000
0.127609 	 0.000000
0.238147 	 0.870175
0.363994 	 1.000000
0.432521 	 1.000000
0.400199 	 0.029851
0.115592 	 0.000000
0.361608 	 1.000000
0.197595 	 0.333333
0.374284 	 1.000000
0.168109 	 0.000000
0.337211 	 1.000000
0.286628 	 1.000000
0.260818 	 0.408602
0.189673 	 1.000000
0.281553 	 0.000000
0.160121 	 0.000000
0.223657 	 0.281081
0.341799 	 1.000000
0.206334 	 1.000000
0.046218 	 0.000000
0.205592 	 1.000000
0.409777 	 1.000000
0.298639 	 0.114943
0.277122 	 0.253968
0.468778 	 0.000000
0.207887 	 1.000000
0.162836 	 0.000000
0.199139 	 0.095890
0.218619 	 0.457831
0.252723 	 0.000000
0.205157 	 1.000000
0.451967 	 1.000000
0.249708 	 0.000000
0.054808 	 0.000000
0.096987 	 0.555556
0.228449 	 0.372549
0.275049 	 0.100000
0.123705 	 0.292683
0.346769 	 0.000000
0.258771 	 1.000000
0.433617 	 1.000000
0.131837 	 0.717949
0.207188 	 0.000000
0.000000 	 0.000000
---------
0.505375 ( 51 ) precision 0.685603  recall 0.598664  f-micro 0.639191 
---------

---------------------------------
Thresh 	 F_score
0.263663 	 0.919459
0.322073 	 1.000000
0.322542 	 1.000000
0.056360 	 0.000000
0.221995 	 1.000000
0.437092 	 0.000000
0.231070 	 0.000000
0.264604 	 1.000000
0.168939 	 0.000000
0.257217 	 0.853147
0.363995 	 1.000000
0.432523 	 1.000000
0.296929 	 0.028986
0.120208 	 0.000000
0.361609 	 1.000000
0.220328 	 0.333333
0.374286 	 1.000000
0.168110 	 0.000000
0.337212 	 1.000000
0.286630 	 1.000000
0.272425 	 0.369565
0.205505 	 1.000000
0.171932 	 0.000000
0.106759 	 0.000000
0.214224 	 0.310526
0.341800 	 1.000000
0.206375 	 1.000000
0.046031 	 0.000000
0.205593 	 1.000000
0.409779 	 1.000000
0.202401 	 0.153846
0.269346 	 0.250000
0.468779 	 0.000000
0.207888 	 1.000000
0.162836 	 0.000000
0.200333 	 0.123288
0.205939 	 0.424390
0.262341 	 0.000000
0.205178 	 1.000000
0.451971 	 1.000000
0.277543 	 0.000000
0.054258 	 0.000000
0.096687 	 0.596491
0.261310 	 0.357895
0.213665 	 0.086957
0.107443 	 0.300000
0.346778 	 0.000000
0.258772 	 1.000000
0.433619 	 1.000000
0.123063 	 0.725000
0.207189 	 0.000000
0.000000 	 0.000000
---------
0.506527 ( 51 ) precision 0.686305  recall 0.598607  f-micro 0.639463 
---------

---------------------------------
Thresh 	 F_score
0.310350 	 0.916862
0.322939 	 1.000000
0.322545 	 1.000000
0.057627 	 0.000000
0.221998 	 1.000000
0.437093 	 0.000000
0.231071 	 0.000000
0.264606 	 1.000000
0.189604 	 0.000000
0.254703 	 0.843206
0.363996 	 1.000000
0.432524 	 1.000000
0.302408 	 0.057143
0.121105 	 0.000000
0.361610 	 1.000000
0.231816 	 0.333333
0.374286 	 1.000000
0.168110 	 0.000000
0.337213 	 1.000000
0.286630 	 1.000000
0.253086 	 0.400000
0.218598 	 1.000000
0.127242 	 1.000000
0.151539 	 0.000000
0.265869 	 0.274627
0.341801 	 1.000000
0.206396 	 1.000000
0.045938 	 0.000000
0.205593 	 1.000000
0.409779 	 1.000000
0.246185 	 0.133333
0.272274 	 0.253968
0.468780 	 0.000000
0.207888 	 1.000000
0.162837 	 0.000000
0.166301 	 0.163522
0.232263 	 0.433915
0.252642 	 0.000000
0.205189 	 1.000000
0.451973 	 1.000000
0.291460 	 0.000000
0.053983 	 0.000000
0.096319 	 0.561404
0.222448 	 0.272727
0.185089 	 0.142857
0.089994 	 0.342857
0.346782 	 0.000000
0.258772 	 1.000000
0.433620 	 1.000000
0.124869 	 0.731707
0.207189 	 0.000000
0.000000 	 0.000000
---------
0.526695 ( 51 ) precision 0.687819  recall 0.598042  f-micro 0.639796 
---------

---------------------------------
Thresh 	 F_score
0.263613 	 0.915353
0.323372 	 1.000000
0.322547 	 1.000000
0.058260 	 0.000000
0.221999 	 1.000000
0.437094 	 0.000000
0.231072 	 0.000000
0.264606 	 1.000000
0.199936 	 0.000000
0.253460 	 0.847222
0.363996 	 1.000000
0.432524 	 1.000000
0.305769 	 0.083333
0.124102 	 0.000000
0.361610 	 1.000000
0.237948 	 0.333333
0.374287 	 1.000000
0.168110 	 0.000000
0.337213 	 1.000000
0.286630 	 1.000000
0.263873 	 0.369565
0.225346 	 1.000000
0.098529 	 1.000000
0.207087 	 0.000000
0.259657 	 0.286533
0.341801 	 1.000000
0.206407 	 1.000000
0.045891 	 0.000000
0.205593 	 1.000000
0.409780 	 1.000000
0.169163 	 0.113636
0.268465 	 0.250000
0.468781 	 0.000000
0.207888 	 1.000000
0.162837 	 0.000000
0.186227 	 0.108844
0.357706 	 0.281525
0.244397 	 0.000000
0.205195 	 1.000000
0.451974 	 1.000000
0.298419 	 0.000000
0.053846 	 0.000000
0.143567 	 0.461538
0.243477 	 0.360000
0.236786 	 0.095238
0.089109 	 0.384615
0.346784 	 0.000000
0.258773 	 1.000000
0.433620 	 1.000000
0.127161 	 0.759494
0.207189 	 0.000000
0.000000 	 0.000000
---------
0.522554 ( 51 ) precision 0.688740  recall 0.596737  f-micro 0.639446 
---------

---------------------------------
Thresh 	 F_score
0.209407 	 0.909091
0.323589 	 1.000000
0.322547 	 1.000000
0.052281 	 0.000000
0.221999 	 1.000000
0.437094 	 0.000000
0.231072 	 0.000000
0.264607 	 1.000000
0.205103 	 0.000000
0.263511 	 0.835088
0.363997 	 1.000000
0.432524 	 1.000000
0.320268 	 0.111111
0.121827 	 0.000000
0.361611 	 1.000000
0.240666 	 0.333333
0.374287 	 1.000000
0.168110 	 0.000000
0.337213 	 1.000000
0.286631 	 1.000000
0.249325 	 0.378947
0.228720 	 1.000000
0.081504 	 0.000000
0.235904 	 0.000000
0.255264 	 0.265060
0.341801 	 1.000000
0.206412 	 1.000000
0.045868 	 0.000000
0.205593 	 1.000000
0.409780 	 1.000000
0.207915 	 0.117647
0.276275 	 0.225806
0.468781 	 0.000000
0.207888 	 1.000000
0.162837 	 0.000000
0.193053 	 0.175676
0.277937 	 0.394737
0.256639 	 0.000000
0.205198 	 1.000000
0.451974 	 1.000000
0.301898 	 0.000000
0.053777 	 0.000000
0.121023 	 0.571429
0.222251 	 0.469388
0.181540 	 0.190476
0.077912 	 0.344828
0.346785 	 0.000000
0.258773 	 1.000000
0.433621 	 1.000000
0.136337 	 0.708861
0.207189 	 0.000000
0.000000 	 0.000000
---------
0.510421 ( 51 ) precision 0.690118  recall 0.595752  f-micro 0.639473 
---------

---------------------------------
Thresh 	 F_score
0.249994 	 0.918033
0.323697 	 1.000000
0.322548 	 1.000000
0.049291 	 0.000000
0.221999 	 1.000000
0.437094 	 0.000000
0.231072 	 0.000000
0.264607 	 1.000000
0.207686 	 0.000000
0.261350 	 0.829787
0.363997 	 1.000000
0.432524 	 1.000000
0.330835 	 0.084507
0.128100 	 0.000000
0.361611 	 1.000000
0.241608 	 0.333333
0.374287 	 1.000000
0.168110 	 0.000000
0.337213 	 1.000000
0.286631 	 1.000000
0.232697 	 0.405405
0.230391 	 1.000000
0.108945 	 0.000000
0.250313 	 0.000000
0.267075 	 0.296512
0.341801 	 1.000000
0.206415 	 1.000000
0.045856 	 0.000000
0.205593 	 1.000000
0.409780 	 1.000000
0.219805 	 0.153846
0.282859 	 0.222222
0.468781 	 0.000000
0.207888 	 1.000000
0.162837 	 0.000000
0.182639 	 0.136986
0.241338 	 0.427136
0.263402 	 0.000000
0.205199 	 1.000000
0.451975 	 1.000000
0.303638 	 0.000000
0.053743 	 0.000000
0.158182 	 0.431373
0.262269 	 0.306122
0.164814 	 0.181818
0.090184 	 0.357143
0.346786 	 0.000000
0.258773 	 1.000000
0.433621 	 1.000000
0.138118 	 0.759494
0.207189 	 0.000000
0.000000 	 0.000000
---------
0.506740 ( 51 ) precision 0.691104  recall 0.595394  f-micro 0.639689 
---------

---------------------------------
Thresh 	 F_score
0.280787 	 0.918761
0.323751 	 1.000000
0.322548 	 1.000000
0.047796 	 0.000000
0.221999 	 1.000000
0.437094 	 0.000000
0.231072 	 0.000000
0.264607 	 1.000000
0.208977 	 0.000000
0.271445 	 0.845070
0.363997 	 1.000000
0.432524 	 1.000000
0.334070 	 0.111111
0.131558 	 0.000000
0.361611 	 1.000000
0.242569 	 0.333333
0.374287 	 1.000000
0.168110 	 0.000000
0.337213 	 1.000000
0.286631 	 1.000000
0.222946 	 0.297872
0.231041 	 1.000000
0.237660 	 0.000000
0.151306 	 0.000000
0.257128 	 0.289855
0.341801 	 1.000000
0.206416 	 1.000000
0.045850 	 0.000000
0.205593 	 1.000000
0.409780 	 1.000000
0.233542 	 0.098765
0.286927 	 0.225806
0.468781 	 0.000000
0.207888 	 1.000000
0.162837 	 0.000000
0.153126 	 0.201258
0.374521 	 0.278107
0.284490 	 0.000000
0.205200 	 1.000000
0.451975 	 1.000000
0.304508 	 0.000000
0.053726 	 0.000000
0.125182 	 0.545455
0.257064 	 0.391753
0.233553 	 0.090909
0.098099 	 0.292683
0.346786 	 0.000000
0.258773 	 1.000000
0.433621 	 1.000000
0.130726 	 0.725000
0.207189 	 0.000000
0.000000 	 0.000000
---------
0.502858 ( 51 ) precision 0.692372  recall 0.594374  f-micro 0.639641 
---------

---------------------------------
Thresh 	 F_score
0.286806 	 0.907683
0.323778 	 1.000000
0.322548 	 1.000000
0.047048 	 0.000000
0.222000 	 1.000000
0.437094 	 0.000000
0.231072 	 0.000000
0.264607 	 1.000000
0.209623 	 0.000000
0.270636 	 0.856164
0.363997 	 1.000000
0.432524 	 1.000000
0.353221 	 0.084507
0.131181 	 0.000000
0.361611 	 1.000000
0.242812 	 0.363636
0.374287 	 1.000000
0.168110 	 0.000000
0.337213 	 1.000000
0.286631 	 1.000000
0.255604 	 0.391753
0.231542 	 1.000000
0.302669 	 0.000000
0.120347 	 0.000000
0.269028 	 0.250765
0.341801 	 1.000000
0.206417 	 1.000000
0.045847 	 0.000000
0.205593 	 1.000000
0.409780 	 1.000000
0.246032 	 0.114943
0.285928 	 0.225806
0.468781 	 0.000000
0.207888 	 1.000000
0.162837 	 0.000000
0.162254 	 0.165605
0.283196 	 0.405128
0.278225 	 0.000000
0.205200 	 1.000000
0.451975 	 1.000000
0.304943 	 0.000000
0.053717 	 0.000000
0.110895 	 0.586207
0.219425 	 0.155844
0.255500 	 0.090909
0.083739 	 0.370370
0.346786 	 0.000000
0.258773 	 1.000000
0.433621 	 1.000000
0.121741 	 0.740741
0.207189 	 0.000000
0.000000 	 0.000000
---------
0.504119 ( 51 ) precision 0.693054  recall 0.593482  f-micro 0.639415 
---------

---------------------------------
Thresh 	 F_score
0.222218 	 0.911557
0.323792 	 1.000000
0.322548 	 1.000000
0.046675 	 0.000000
0.222000 	 1.000000
0.437094 	 0.000000
0.231072 	 0.000000
0.264607 	 1.000000
0.144844 	 0.000000
0.230695 	 0.853147
0.363997 	 1.000000
0.432524 	 1.000000
0.343564 	 0.111111
0.138064 	 0.000000
0.361611 	 1.000000
0.243147 	 0.333333
0.374287 	 1.000000
0.168110 	 0.000000
0.337213 	 1.000000
0.286631 	 1.000000
0.263075 	 0.344828
0.231808 	 1.000000
0.182567 	 1.000000
0.149983 	 0.000000
0.176444 	 0.296296
0.341801 	 1.000000
0.206417 	 1.000000
0.045846 	 0.000000
0.205593 	 1.000000
0.409780 	 1.000000
0.256184 	 0.121951
0.287544 	 0.225806
0.468781 	 0.000000
0.207888 	 1.000000
0.162837 	 0.000000
0.166003 	 0.185430
0.234507 	 0.432304
0.291914 	 0.000000
0.205200 	 1.000000
0.451975 	 1.000000
0.325104 	 0.000000
0.053713 	 0.000000
0.116104 	 0.596491
0.226480 	 0.312500
0.210408 	 0.105263
0.093607 	 0.285714
0.346786 	 0.000000
0.258773 	 1.000000
0.433621 	 1.000000
0.121109 	 0.734177
0.207189 	 0.000000
0.000000 	 0.000000
---------
0.526469 ( 51 ) precision 0.693761  recall 0.593340  f-micro 0.639633 
---------

---------------------------------
Thresh 	 F_score
0.341905 	 0.904077
0.316893 	 1.000000
0.322548 	 1.000000
0.046488 	 0.000000
0.222000 	 1.000000
0.437094 	 0.000000
0.231072 	 0.000000
0.264607 	 1.000000
0.095359 	 0.000000
0.222592 	 0.843206
0.363997 	 1.000000
0.432524 	 1.000000
0.322463 	 0.108108
0.114383 	 0.000000
0.361611 	 1.000000
0.243196 	 0.333333
0.374287 	 1.000000
0.168110 	 0.000000
0.337213 	 1.000000
0.286631 	 1.000000
0.284216 	 0.390805
0.231944 	 1.000000
0.181070 	 0.000000
0.177793 	 0.000000
0.216194 	 0.299465
0.341801 	 1.000000
0.206417 	 1.000000
0.045845 	 0.000000
0.205593 	 1.000000
0.409780 	 1.000000
0.259142 	 0.170732
0.289050 	 0.222222
0.468781 	 0.000000
0.207888 	 1.000000
0.162837 	 0.000000
0.163259 	 0.217949
0.217225 	 0.440678
0.298759 	 0.000000
0.205200 	 1.000000
0.451975 	 1.000000
0.315321 	 0.000000
0.053711 	 0.000000
0.117157 	 0.600000
0.213571 	 0.252874
0.286103 	 0.105263
0.088403 	 0.384615
0.346786 	 0.000000
0.258773 	 1.000000
0.433621 	 1.000000
0.126369 	 0.734177
0.207189 	 0.000000
0.000000 	 0.000000
---------
0.509951 ( 51 ) precision 0.694101  recall 0.593051  f-micro 0.639609 
---------

---------------------------------
Thresh 	 F_score
0.269947 	 0.914656
0.313444 	 1.000000
0.322548 	 1.000000
0.046394 	 0.000000
0.222000 	 1.000000
0.437094 	 0.000000
0.231072 	 0.000000
0.264607 	 1.000000
0.073558 	 0.000000
0.205002 	 0.849315
0.363997 	 1.000000
0.432524 	 1.000000
0.259694 	 0.082192
0.104136 	 0.000000
0.361611 	 1.000000
0.242956 	 0.333333
0.374287 	 1.000000
0.168110 	 0.000000
0.337213 	 1.000000
0.286631 	 1.000000
0.285465 	 0.417582
0.232003 	 1.000000
0.121082 	 0.000000
0.175059 	 0.000000
0.231097 	 0.298343
0.341801 	 1.000000
0.206417 	 1.000000
0.045845 	 0.000000
0.205593 	 1.000000
0.409780 	 1.000000
0.278691 	 0.144578
0.289556 	 0.233333
0.468781 	 0.000000
0.207888 	 1.000000
0.162837 	 0.000000
0.182126 	 0.196078
0.207334 	 0.419512
0.302182 	 0.000000
0.205200 	 1.000000
0.451975 	 1.000000
0.310553 	 0.000000
0.053710 	 0.000000
0.154201 	 0.538462
0.246967 	 0.244444
0.296797 	 0.105263
0.082269 	 0.413793
0.346786 	 0.000000
0.258773 	 1.000000
0.433621 	 1.000000
0.131293 	 0.753247
0.207189 	 0.000000
0.000000 	 0.000000
---------
0.508708 ( 51 ) precision 0.694528  recall 0.593049  f-micro 0.639790 
---------

---------------------------------
Thresh 	 F_score
0.335996 	 0.915194
0.318624 	 1.000000
0.322548 	 1.000000
0.046348 	 0.000000
0.222000 	 1.000000
0.437094 	 0.000000
0.231072 	 0.000000
0.264607 	 1.000000
0.059783 	 0.000000
0.201060 	 0.857143
0.363997 	 1.000000
0.432524 	 1.000000
0.313400 	 0.057143
0.116020 	 0.000000
0.361611 	 1.000000
0.243120 	 0.333333
0.374287 	 1.000000
0.168110 	 0.000000
0.337213 	 1.000000
0.286631 	 1.000000
0.282472 	 0.318182
0.232041 	 1.000000
0.099741 	 0.000000
0.112940 	 0.000000
0.213637 	 0.300752
0.341801 	 1.000000
0.206417 	 1.000000
0.045845 	 0.000000
0.205593 	 1.000000
0.409780 	 1.000000
0.276384 	 0.202247
0.289643 	 0.225806
0.468781 	 0.000000
0.207888 	 1.000000
0.162837 	 0.000000
0.173068 	 0.189873
0.203327 	 0.458716
0.303893 	 0.000000
0.205200 	 1.000000
0.451975 	 1.000000
0.308169 	 0.000000
0.195617 	 0.000000
0.160273 	 0.518519
0.277386 	 0.318182
0.312835 	 0.105263
0.077974 	 0.307692
0.346786 	 0.000000
0.258773 	 1.000000
0.433621 	 1.000000
0.121337 	 0.750000
0.207189 	 0.000000
0.000000 	 0.000000
---------
0.507021 ( 51 ) precision 0.694821  recall 0.593342  f-micro 0.640084 
---------

---------------------------------
Thresh 	 F_score
0.279215 	 0.920000
0.314309 	 1.000000
0.322548 	 1.000000
0.046324 	 0.000000
0.222000 	 1.000000
0.437094 	 0.000000
0.231072 	 0.000000
0.264607 	 1.000000
0.135706 	 0.000000
0.223348 	 0.855124
0.363997 	 1.000000
0.432524 	 1.000000
0.326900 	 0.056338
0.117714 	 0.000000
0.361611 	 1.000000
0.243102 	 0.333333
0.374287 	 1.000000
0.168110 	 0.000000
0.337213 	 1.000000
0.286631 	 1.000000
0.284764 	 0.396040
0.231865 	 1.000000
0.085027 	 0.000000
0.159271 	 0.000000
0.236534 	 0.294444
0.341801 	 1.000000
0.206417 	 1.000000
0.045844 	 0.000000
0.205593 	 1.000000
0.409780 	 1.000000
0.287385 	 0.128205
0.290144 	 0.225806
0.468781 	 0.000000
0.207888 	 1.000000
0.162837 	 0.000000
0.167677 	 0.185430
0.199747 	 0.450704
0.304748 	 0.000000
0.205200 	 1.000000
0.451975 	 1.000000
0.306977 	 0.000000
0.266571 	 0.000000
0.137020 	 0.586207
0.242094 	 0.378947
0.325745 	 0.095238
0.066854 	 0.315789
0.346786 	 0.000000
0.258773 	 1.000000
0.433621 	 1.000000
0.116843 	 0.731707
0.207189 	 0.000000
0.000000 	 0.000000
---------
0.508889 ( 51 ) precision 0.695277  recall 0.593685  f-micro 0.640477 
---------
