0.573294,
0.626714,
0.287238,
0.563603,
0.441473,
0.644207,
0.347678,
0.545839,
0.352696,
0.351417,
0.352696,
0.514232,
0.496342,
0.369829,
0.506915,
0.509075,
0.509525,
0.563708,
0.560083,
0.442040,
0.511438,
0.555231,
0.591087,
0.590383,
0.403304,
0.522303,
0.579175,
0.580225,
0.537975,
0.496641,
0.575695,
0.578859,
0.558331,
0.574438,
0.569945,
0.459940,
0.369453,
0.369785,
0.507991,
0.508729,
0.478386,
0.543770,
0.511339,
0.543590,
0.528726,
0.478386,
0.457905,
0.540095,
0.512748,
0.488332,
0.258529,
0.489879,
0.439828,
0.385838,
0.439828,
0.465964,
0.369068,
0.469752,
0.451866,
0.391274,
0.286929,
0.502648,
0.535004,
0.562646,
0.377859,
0.560163,
0.560485,
0.521731,
0.286016,
0.496172,
0.423845,
0.379379,
0.505314,
0.457648,
0.456943,
0.458228,
0.458228,
0.474265,
0.575420,
0.668245,
0.538998,
0.537698,
0.494620,
0.528415,
0.379893,
0.452498,
0.453339,
0.534829,
0.550386,
0.535259,
0.583789,
0.453702,
0.588680,
0.592388,
0.584313,
0.474385,
0.641729,
0.461133,
0.561868,
0.619305,
0.424597,
