0.286647,
0.429970,
0.455236,
0.479948,
0.459618,
0.491014,
0.448686,
0.420719,
0.461955,
0.492047,
0.438562,
0.480282,
0.501211,
0.511606,
0.517009,
0.519852,
0.515763,
0.476857,
0.457404,
0.448346,
0.443817,
0.441552,
0.440420,
0.481270,
0.459611,
0.448781,
0.469793,
0.486688,
0.488746,
0.464017,
0.450984,
0.470894,
0.461373,
0.457310,
0.474057,
0.462954,
0.457403,
0.455325,
0.454286,
0.453767,
0.453507,
0.453377,
0.453312,
0.453280,
0.453263,
0.487775,
0.470511,
0.461879,
0.492145,
0.472696,
0.462972,
0.492692,
0.507551,
0.480399,
0.466126,
0.459686,
0.456467,
0.454857,
0.479220,
0.466234,
0.459740,
0.456494,
0.454871,
0.454059,
0.453653,
0.453450,
0.453349,
0.453298,
0.453273,
0.453260,
0.453254,
0.453250,
0.461747,
0.457497,
0.454675,
0.453263,
0.452557,
0.452205,
0.452028,
0.451940,
0.451896,
0.451874,
0.451863,
0.451857,
0.451855,
0.478997,
0.465425,
0.458638,
0.482439,
0.467145,
0.460196,
0.456722,
0.454287,
0.453069,
0.452461,
0.452156,
0.452702,
0.487411,
0.469631,
0.460742,
0.456297,
